"County","AdamsCounty","AlamosaCounty","ArapahoeCounty","ArchuletaCounty","BacaCounty","BentCounty","BoulderCounty","BroomfieldCounty","ChaffeeCounty","CheyenneCounty","ClearCreekCounty","ConejosCounty","CostillaCounty","CrowleyCounty","CusterCounty","DeltaCounty","DenverCounty","DoloresCounty","DouglasCounty","EagleCounty","ElbertCounty","ElPasoCounty","FremontCounty","GarfieldCounty","GilpinCounty","GrandCounty","GunnisonCounty","HinsdaleCounty","HuerfanoCounty","JacksonCounty","JeffersonCounty","KiowaCounty","KitCarsonCounty","LakeCounty","LaPlataCounty","LarimerCounty","LasAnimasCounty","LincolnCounty","LoganCounty","MesaCounty","MineralCounty","MoffatCounty","MontezumaCounty","MontroseCounty","MorganCounty","OteroCounty","OurayCounty","ParkCounty","PhillipsCounty","PitkinCounty","ProwersCounty","PuebloCounty","RioBlancoCounty","RioGrandeCounty","RouttCounty","SaguacheCounty","SanJuanCounty","SanMiguelCounty","SedgwickCounty","SummitCounty","TellerCounty","WashingtonCounty","WeldCounty","YumaCounty"
"AdamsCounty",17.7,249.8,26.1,301.3,264.2,225.8,37.7,15.4,145.1,166.8,53,276.8,239.3,168.4,162,263.7,18.1,401.7,41.8,135.2,72.5,85.9,136.9,191.7,49.3,109.4,223.1,302,190.9,153.8,26.7,182.1,154,120.1,347.7,71.6,224.6,108.3,116.8,258.1,270.8,252.8,398.1,313.9,68.4,185.3,322.1,122.6,155.6,209.3,221.1,132.9,264.7,238.7,185.5,201.5,354.1,387.2,164.5,87.7,114.7,112.7,39.8,149.1
"AlamosaCounty",249.8,13.8,227.1,105.8,237.5,179.9,264.3,249.1,88.5,248.3,211.5,33,38.5,151.4,140.3,224.9,229.9,245.6,209.9,186.4,237.6,165.1,141.4,243,224,227.7,140.9,106.5,66.8,274.6,210.9,223.2,293.8,135.4,152.1,304.6,117.5,248.1,360.6,260.2,75.3,335.2,202.6,215.7,312.2,139.6,224,142.4,399.4,171.9,215.9,118.4,315.9,37.7,268,63.8,206.6,275.1,408.3,164.5,167.2,315.2,284.2,362
"ArapahoeCounty",26.1,227.1,14.6,290.2,259.7,203.1,47.9,32.7,134,162.3,51.6,254.1,216.6,155.3,139.3,262.3,13.6,400.4,19.1,133.8,45.9,63.2,114.2,190.4,54.7,108.1,212,290.8,168.1,152.5,21.3,177.6,149.5,118.7,336.5,88.2,201.9,103.8,136.9,256.8,259.6,251.4,387,312.5,88.5,162.6,320.8,111.4,175.7,207.9,216.6,110.2,263.3,227.6,184.2,190.3,352.7,385.9,184.6,86.3,92,132.8,62.7,169.2
"ArchuletaCounty",301.3,105.8,290.2,18.9,337.2,279.6,316.9,301.7,156.6,348,279.6,120.4,138.2,251.1,208.3,195.3,288.7,141.9,309.6,254.5,337.3,264.8,209.5,287.3,292,295.8,187,104.5,166.5,342.7,279,322.9,393.5,203.5,48.4,357.2,217.2,347.8,414.1,226.1,73.3,403.5,98.9,181.7,365.7,239.4,137.5,210.5,452.9,298.1,315.6,218.1,346.3,73.4,336,110,102.9,188.6,461.8,232.6,235.3,410,333.9,446.4
"BacaCounty",264.2,237.5,259.7,337.2,26,86.3,288.1,273,282.5,125.9,303.5,264.4,226.9,139.4,241.9,428.6,263.4,477,249.8,385.7,210,220.1,218,442.3,299.8,360,344.6,337.8,178.5,404.4,272.6,95.2,173.1,329.4,383.5,328.4,121.4,167.6,268.7,508.7,306.6,503.3,434,419.4,259.3,126.2,427.6,287.2,264.6,459.8,69.4,181.1,515.2,269.1,436,296,438,478.7,295.8,338.2,245.1,229.7,298,241.8
"BentCounty",225.8,179.9,203.1,279.6,86.3,20.2,240.2,225.1,203.4,83.9,243.7,206.8,169.4,60.3,156.2,349.5,205.9,419.4,185.9,292,167.9,141,139,348.6,246.8,300.2,265.5,280.3,120.9,344.6,213.6,53.2,131.1,250.4,325.9,280.5,105.7,125.5,226.7,415,249.1,443.5,376.4,340.3,217.2,47.1,348.6,208.1,229.3,366.1,43.2,102,421.5,211.5,376.3,242.4,380.5,399.7,260.6,239.7,166,187.7,260.1,206.6
"BoulderCounty",37.7,264.3,47.9,316.9,288.1,240.2,14,18.4,160.7,190.8,50.5,291.2,253.8,192.4,176.5,261.2,36.6,399.3,56.2,132.7,92.1,100.3,151.4,189.3,46.9,107,238.7,317.5,205.3,149.4,42.3,206.1,177.9,117.6,363.2,62.6,239,132.3,130.3,255.7,286.4,250.3,413.7,311.4,81.9,199.7,319.7,138.1,169.1,206.9,245.1,147.3,262.2,254.3,183.1,217,351.6,384.8,177.9,85.2,129.1,126.2,43.6,162.5
"BroomfieldCounty",15.4,249.1,32.7,301.7,273,225.1,18.4,3,145.6,175.6,53.4,276.1,238.6,177.3,161.3,264.1,21.5,402.1,41.1,135.6,77,85.2,136.2,192.1,49.7,109.8,223.5,302.4,190.1,154.2,27.1,190.9,162.8,120.5,348.1,64.4,223.9,117.1,130.8,258.5,271.2,253.2,398.5,314.3,82.4,184.6,322.5,123,169.6,209.7,229.9,132.2,265.1,239.1,185.9,201.9,354.5,387.6,178.4,88.1,114,126.7,45.4,163
"ChaffeeCounty",145.1,88.5,134,156.6,282.5,203.4,160.7,145.6,16.4,235.9,123.4,114.5,125.9,155.6,69.5,162.4,132.5,258,142,98.3,177.2,113.9,70.7,154.8,135.8,139.6,78.4,157.3,154.2,186.5,122.8,226.1,244,47.3,202.9,201,178.5,198.3,257.9,221.3,126.1,247.1,253.4,153.2,209.5,162.9,161.5,54.3,296.8,83.8,239.5,110.5,227.8,94,179.8,56.7,193.4,212.6,305.6,76.4,79.1,253.9,177.7,290.2
"CheyenneCounty",166.8,248.2,162.3,347.9,125.9,83.9,190.8,175.6,235.9,21.7,206.1,275.1,237.7,98.5,202.1,416.8,166,487.7,152.5,288.3,112.6,126.6,177,344.9,202.5,262.6,303.5,348.6,189.2,307,175.3,43.9,63.7,273.3,394.3,231,179.7,70.2,171.4,411.3,317.4,406,444.7,378.3,161.9,110.8,386.6,203.2,145.5,362.5,73.3,149.8,417.9,279.8,338.7,280.5,418.5,437.7,176.7,240.9,161.1,132.4,200.7,122.7
"ClearCreekCounty",53,211.5,51.6,279.6,303.5,243.7,50.5,53.4,123.4,206.1,10.2,237.5,257.3,195.9,179.9,222.8,40.3,360.8,59.7,94.3,95.8,103.8,154.8,150.9,24.5,68.6,201.4,280.2,208.8,113,30.6,221.4,193.3,79.2,325.9,108.8,242.5,147.6,165.7,217.3,249,211.9,376.4,273,117.3,203.2,281.3,100.3,204.6,168.4,260.4,150.8,223.8,216.9,144.6,179.7,313.2,346.3,213.4,46.8,132.6,161.7,85.5,198
"ConejosCounty",276.8,33,254.1,120.4,264.4,206.8,291.2,276.1,114.5,275.2,237.5,18.5,40.8,178.3,166.3,244.6,256.9,260.2,236.8,212.4,264.5,192,167.4,268.9,249.9,253.7,160.6,125.3,93.8,300.6,236.9,250.1,320.7,161.4,166.7,331.5,144.4,275,387.5,279.9,94.1,361.2,217.2,235.4,339.1,166.6,243.6,168.4,426.4,197.9,242.8,145.3,341.9,56.6,293.9,83.5,221.2,294.7,435.2,190.5,193.2,342.1,311.1,388.9
"CostillaCounty",239.3,38.5,216.6,138.2,226.9,169.4,253.8,238.6,125.9,237.8,257.3,40.8,18.1,140.8,136.7,258.1,219.4,278,199.4,223.8,227.1,154.6,152.5,280.3,260.3,265,174.1,138.9,56.3,312,227.1,212.7,283.3,172.8,184.6,294,107,237.6,350.1,293.4,107.7,372.6,235,248.9,301.7,129.1,257.2,179.8,388.9,209.3,205.4,107.9,353.3,70.1,305.3,97.1,239.1,308.3,397.8,201.9,179.6,304.7,273.7,351.5
"CrowleyCounty",168.4,151.4,155.3,251.1,139.4,60.3,192.4,177.3,155.6,98.5,195.9,178.3,140.8,14.6,108.3,301.7,158,390.9,138,244.2,114.2,93.2,91.1,300.7,198.9,252.4,217.6,251.7,92.4,296.7,165.7,73.4,142.8,202.5,297.4,232.7,88.8,77.2,190.1,367.2,220.5,395.7,347.9,292.5,164.8,19.8,300.7,160.3,229,318.3,96.4,54.2,373.7,183,328.4,194.6,332.7,351.8,237.8,191.9,118.2,163.4,202.3,210.2
"CusterCounty",162,140.3,139.3,208.3,241.9,156.2,176.5,161.3,69.5,202.1,179.9,166.3,136.7,108.3,14,215.6,142.1,311.1,122.1,167.4,149.8,80.1,48.3,223.9,183,201.3,131.5,209,88.2,248.2,149.8,178.8,211.3,116.4,254.7,216.8,122,165.6,272.8,250.8,177.8,314.7,305.1,206.4,224.4,115.7,214.6,106.8,311.6,152.9,192.2,57.5,296.9,145.7,247.4,108.5,246.6,265.7,320.5,138.6,102.3,232.7,196.4,305
"DeltaCounty",263.7,224.9,262.3,195.3,428.6,349.5,261.2,264.1,162.4,416.8,222.8,244.6,258.1,301.7,215.6,17.4,251,157.3,270.4,134.9,306.5,265.5,216.7,114.4,235.2,219.9,102.3,118.6,286.5,254.2,241.3,372.1,404,182.6,152.8,319.5,324.6,358.3,376.4,53.2,176.5,230.5,171.6,52.5,328,309,60.8,216.3,415.3,105.1,385.5,256.6,173.3,208.4,217.6,163.4,92.7,111.9,424.1,181.1,241.1,372.4,296.2,408.7
"DenverCounty",18.2,229.5,13.1,289,263.4,205.4,35.9,20.8,132.8,166.1,40.7,256.4,219,157.6,141.7,251.4,6.4,389.4,21.4,122.8,57.5,65.5,116.6,179.4,43.7,97.1,210.8,289.7,170.5,141.5,10.3,181.4,153.2,107.8,335.4,76.2,204.2,107.6,130.9,245.8,258.5,240.5,385.8,301.5,82.6,164.9,309.8,110.3,169.8,197,220.4,112.5,252.4,226.4,173.2,189.2,341.8,374.9,178.6,75.4,94.3,126.9,50.8,163.2
"DoloresCounty",401.7,245.6,400.4,141.9,477,419.4,399.3,402.1,258,487.8,360.8,260.2,278,390.9,311.1,157.3,389.1,16.8,408.5,272.9,444.5,361,312.3,211.4,373.3,357.9,197.8,163.5,306.3,392.3,379.4,462.7,542,320.6,99.4,457.5,357,496.4,514.5,150.2,213.1,327.5,43.8,68,466.1,379.2,97.7,311.9,553.3,267,455.4,357.9,270.3,213.2,330.6,249.8,137.7,39,562.1,319.1,336.6,510.4,434.3,546.7
"DouglasCounty",41.8,209.9,19.1,309.6,249.8,185.9,56.2,41.1,142,152.5,59.7,236.8,199.4,138,122.1,270.4,21.9,408.5,14.9,141.9,41,45.9,97,198.5,62.8,116.2,220,310.3,150.9,160.6,29.6,167.8,139.6,126.8,356,96.5,184.6,94,152.5,264.9,279.1,259.5,406.4,320.6,104.2,145.3,328.9,116.8,191.4,216.1,206.8,92.9,271.4,241.5,192.3,200.5,360.8,394,200.2,94.4,74.7,148.5,76.2,184.8
"EagleCounty",135.2,186.4,133.8,254.5,385.7,292,132.7,135.6,98.3,288.3,94.3,212.4,223.8,244.2,167.4,134.9,122.5,272.9,141.9,21.2,178,186,159.2,63,106.7,98.8,176.3,255.1,257.1,133.1,112.8,303.6,275.5,54.1,285.4,191,290.8,229.8,247.9,129.4,223.9,163.7,304.2,185.1,199.6,251.5,193.4,106.1,286.8,80.5,342.6,199.1,135.9,191.8,96.4,154.6,225.3,258.4,295.6,52.6,141.6,243.9,167.7,280.2
"ElbertCounty",72.5,237.6,45.9,337.3,210,167.9,92.1,77,177.2,112.6,95.8,264.5,227.1,114.2,149.8,306.5,58,444.5,41,178,22.1,73.6,124.6,234.6,98.8,152.3,251.2,337.9,178.6,196.7,65.7,127.9,99.8,162.9,383.6,132.4,212.3,54.1,147.9,301,306.7,295.6,434.1,326,132.6,126.5,334.3,144.5,186.7,252.1,166.9,120.6,307.5,269.2,228.4,228.1,366.2,430,195.6,130.5,102.4,121.2,106.3,168
"ElPasoCounty",85.9,165.1,63.2,264.8,220.1,141,100.3,85.2,113.9,126.6,103.8,192,154.6,93.2,80.1,265.5,66,361,45.9,186,73.6,23.7,54.9,242.6,106.8,160.3,181.5,265.4,106.1,204.7,73.7,141.9,134.4,138.5,311.1,140.6,139.8,88.7,196.6,309,234.2,303.6,361.6,256.3,148.3,100.5,264.6,81.2,235.5,260.1,177,48.1,315.5,196.7,236.4,158.4,296.5,315.6,244.3,138.5,39.1,155.8,120.2,228.9
"FremontCounty",136.9,141.4,114.2,209.5,218,139,151.4,136.2,70.7,177,154.8,167.4,152.5,91.1,48.3,216.7,117,312.3,97,159.2,124.6,54.9,20.2,215.8,157.9,169.6,132.7,210.2,104,216.6,124.7,161.6,186.1,117.6,255.9,191.6,137.8,140.5,247.7,282.2,179,283,306.3,207.5,199.3,98.4,215.8,75.2,286.5,233.4,175,46,288.7,146.9,215.8,109.7,247.7,266.9,295.3,107,77.1,207.6,171.3,279.9
"GarfieldCounty",191.7,243,190.4,287.3,442.3,348.6,189.3,192.1,154.8,344.9,150.9,268.9,280.3,300.7,223.9,114.4,179.1,211.4,198.5,63,234.6,242.6,215.8,28,163.3,147.9,198.7,210.6,313.6,182.3,169.4,360.2,332.1,110.7,244.9,247.6,347.4,286.4,304.5,67.8,280.5,131.6,263.6,144.6,256.1,308.1,152.8,162.7,343.3,57,399.2,255.7,74.4,248.4,145.6,211.2,184.8,196.9,352.2,109.2,198.1,300.4,224.3,336.8
"GilpinCounty",49.3,224,54.7,292,299.8,246.8,46.9,49.7,135.8,202.5,24.5,249.9,260.3,198.9,183,235.2,43.4,373.3,62.8,106.7,98.8,106.8,157.9,163.3,6.3,81,213.8,292.7,211.8,125.4,33.7,217.8,189.7,91.7,338.4,82.1,245.6,144,162.1,229.7,261.5,224.4,388.8,285.4,113.7,206.3,293.7,112.8,200.9,180.9,256.8,153.9,236.3,229.4,157.1,192.2,325.6,358.8,209.8,59.3,135.6,158,81.9,194.3
"GrandCounty",109.4,227.7,108.1,295.8,360,300.2,107,109.8,139.6,262.6,68.6,253.7,265,252.4,201.3,219.9,96.8,357.9,116.2,98.8,152.3,160.3,169.6,147.9,81,22.3,217.6,296.4,265.3,55,87.1,277.9,249.8,95.4,342.1,165.3,299,204.1,222.2,214.4,265.2,152.9,389.2,270.1,173.8,259.7,278.4,116.5,261,165.5,316.9,207.3,195.1,233.1,85.7,195.9,310.3,343.4,269.9,63,152,218.1,142,254.5
"GunnisonCounty",223.1,140.9,212,187,344.6,265.5,238.7,223.5,78.4,303.5,201.4,160.6,174.1,217.6,131.5,102.3,210.5,197.8,220,176.3,251.2,181.5,132.7,198.7,213.8,217.6,29.4,96,202.4,264.5,200.8,288.1,312.7,125.3,193.4,279,240.6,267,335.9,137.6,111.1,314.9,212.1,93.1,287.5,225,101.3,132.3,374.7,183.5,301.5,172.6,257.7,124.4,257.8,79.4,133.3,152.4,383.6,154.4,157.1,331.8,255.7,368.2
"HinsdaleCounty",302,106.5,290.8,104.5,337.8,280.3,317.5,302.4,157.3,348.7,280.2,125.3,138.9,251.7,209,118.6,289.4,163.5,310.3,255.1,337.9,265.4,210.2,210.6,292.7,296.4,96,17.2,167.2,343.4,279.7,323.6,394.1,204.2,86.3,357.8,217.8,348.5,414.8,149.4,28.4,326.7,120.5,104.9,366.4,240,60.8,211.1,453.6,242.7,316.3,218.7,269.5,74.1,336.7,110.7,26.1,111.9,462.4,233.3,235.9,410.7,334.6,447
"HuerfanoCounty",190.9,66.8,168.1,166.5,178.5,120.9,205.3,190.1,154.2,189.3,208.8,93.8,56.3,92.4,88.2,286.5,170.9,306.3,150.9,257.1,178.6,106.1,104,313.6,211.8,265.3,202.4,167.2,20.5,309.6,178.6,164.2,234.8,201.1,212.9,245.6,58.5,189.1,301.6,321.7,136,408.6,263.3,277.3,253.2,80.7,285.5,173.2,340.5,237.6,156.9,59.4,386.6,98.4,341.3,125.4,267.4,336.6,349.3,204.8,131.1,256.2,225.2,303
"JacksonCounty",153.8,274.6,152.5,342.7,404.4,344.6,149.4,154.2,186.5,307,113,300.6,312,296.7,248.2,254.2,141.2,392.3,160.6,133.1,196.7,204.7,216.6,182.3,125.4,55,264.5,343.4,309.6,20.7,131.5,322.3,294.2,142.3,389,96.5,343.4,248.5,204.5,248.7,312.2,145.4,423.5,304.4,181.3,304.1,312.7,163.4,243.4,199.9,361.3,251.7,187.6,280.1,78.2,242.9,344.6,377.8,273.9,109.9,198.9,225.6,134.7,261.9
"JeffersonCounty",26.7,210.9,21.3,279,272.6,213.6,42.3,27.1,122.8,175.3,30.6,236.9,227.1,165.7,149.8,241.3,10,379.4,29.6,112.8,65.7,73.7,124.7,169.4,33.7,87.1,200.8,279.7,178.6,131.5,14.3,190.6,162.5,97.8,325.4,82.5,212.4,116.8,139.5,235.8,248.5,230.4,375.8,291.5,91.1,173.1,299.8,100.3,178.3,187,229.6,120.7,242.3,216.4,163.2,179.2,331.7,364.9,187.1,65.3,102.4,135.4,59.3,171.7
"KiowaCounty",182.1,223.1,177.6,322.8,95.2,53.2,206.1,190.9,226.1,43.9,221.4,250,212.6,73.4,178.8,372.1,181.3,462.6,167.8,303.6,127.9,141.9,161.6,360.2,217.8,277.9,288.1,323.5,164.1,322.3,190.6,21.7,91.1,288.5,369.1,246.3,151.7,85.5,186.7,426.6,292.3,421.2,419.6,362.9,177.2,85.6,371.2,218.5,183.3,377.8,52.2,124.7,433.1,254.7,354,265.1,403.1,422.3,214.5,256.1,176.4,147.7,216,160.5
"KitCarsonCounty",154,293.8,149.5,393.5,173.1,131.1,177.9,162.8,244,63.7,193.3,320.7,283.3,142.8,211.3,404,153.2,542,139.6,275.5,99.8,134.4,186.1,332.1,189.7,249.8,312.7,394.1,234.8,294.2,162.5,91.1,23.9,260.4,439.8,218.2,224,78.1,135.5,398.5,363,393.1,490.3,387.5,149.1,155.1,395.8,211.3,116.1,349.6,117.5,176.8,405,325.4,325.9,289.6,427.7,446.9,147.3,228,169.2,96.5,187.8,93.3
"LakeCounty",120.1,135.4,118.7,203.5,329.4,250.4,117.6,120.5,47.3,273.3,79.2,161.4,172.8,202.5,116.4,182.6,107.4,320.6,126.8,54.1,162.9,138.5,117.6,110.7,91.7,95.4,125.3,204.2,201.1,142.3,97.8,288.5,260.4,10.1,249.8,175.9,225.4,214.8,232.8,177.1,173,202.9,300.3,200.1,184.5,209.8,208.4,78.9,271.7,128.2,286.4,157.4,183.6,140.9,135.7,103.7,240.3,259.5,280.5,37.5,103.7,228.8,152.6,265.1
"LaPlataCounty",347.7,152.1,336.5,48.4,383.5,325.9,363.2,348.1,202.9,394.4,325.9,166.7,184.6,297.4,254.7,152.8,335,99.4,356,285.4,383.6,311.1,255.9,244.9,338.4,342.1,193.4,86.3,212.9,389,325.4,369.3,439.8,249.8,21.2,403.5,263.5,394.2,460.4,183.7,119.7,361,56.4,139.2,412.1,285.7,95.1,256.8,499.3,255.6,362,264.4,303.8,119.8,364,156.3,60.4,146.2,508.1,278.9,281.6,456.4,380.2,492.7
"LarimerCounty",71.6,304.6,88.2,357.2,328.4,280.5,62.6,64.4,201,231,108.8,331.5,294,232.7,216.8,319.5,76.9,457.5,96.5,191,132.4,140.6,191.6,247.6,82.1,165.3,279,357.8,245.6,96.5,82.5,246.3,218.2,175.9,403.5,26.4,279.3,172.5,117.7,314,326.6,238,454,369.7,94.4,240,378,178.4,156.6,265.1,285.3,187.6,320.5,294.5,170.7,257.3,409.9,443,165.4,143.5,169.4,138.8,47.9,175.1
"LasAnimasCounty",224.6,117.5,201.9,217.2,121.4,105.7,239,223.9,178.5,179.8,242.5,144.4,107,88.8,122,324.6,204.7,357,184.6,290.8,212.3,139.8,137.8,347.4,245.6,299,240.6,217.8,58.5,343.4,212.4,151.7,224.1,225.4,263.5,279.3,35.6,158.5,271.5,413.8,186.7,442.3,314,315.4,287,71.1,323.7,206.9,310.3,364.9,141.7,93.1,420.3,149.1,375.1,176,318,374.8,319.1,238.5,164.8,244.8,258.9,291.5
"LincolnCounty",108.3,248.1,103.8,347.8,167.6,125.5,132.3,117.1,198.3,70.2,147.6,275,237.6,77.2,165.6,358.3,107.5,496.4,94,229.8,54.1,88.7,140.5,286.4,144,204.1,267,348.5,189.1,248.5,116.8,85.5,78.1,214.8,394.2,172.5,158.4,26.2,128.8,352.8,317.3,347.5,444.6,341.8,103.4,89.5,350.1,165.6,167.6,304,124.5,131.2,359.4,279.7,280.2,244,382,401.2,176.4,182.4,123.5,102.1,142.2,148.8
"LoganCounty",116.8,360.6,136.9,414.1,268.7,226.7,130.3,130.8,257.9,171.4,165.7,387.5,350.1,190.1,272.8,376.4,130.9,514.5,152.5,247.9,147.9,196.6,247.7,304.5,162.1,222.2,335.9,414.8,301.6,204.5,139.5,186.7,135.5,232.8,460.4,117.7,271.4,128.8,22.1,370.9,383.6,365.5,510.9,426.6,49,202.4,434.9,235.3,46.6,322,225.7,243.6,377.4,351.5,298.3,314.2,466.8,500,47.9,200.4,225.4,47.2,105,79.1
"MesaCounty",258.1,260.2,256.8,226.1,508.7,415,255.7,258.5,221.3,411.3,217.3,279.9,293.4,367.2,250.8,53.2,245.5,150.2,264.9,129.4,301,309,282.2,67.8,229.7,214.4,137.6,149.4,321.7,248.7,235.8,426.6,398.5,177.1,183.7,314,413.8,352.8,370.9,29.7,211.8,175.9,202.5,83.4,322.5,374.5,91.6,229.1,409.8,123.4,465.6,322.1,126.8,243.7,187,198.7,123.6,135.7,418.6,175.6,264.6,366.9,290.7,403.2
"MineralCounty",270.8,75.3,259.6,73.3,306.6,249.1,286.4,271.2,126.1,317.5,249,94.1,107.7,220.5,177.8,176.5,258.2,213.1,279.1,223.9,306.7,234.2,179,280.5,261.5,265.2,111.1,28.4,136,312.2,248.5,292.4,363,173,119.7,326.6,186.7,317.3,383.6,211.8,15.2,372.7,170.1,167.3,335.2,208.8,175.6,180,422.4,209.4,285.1,187.6,353.4,42.9,305.5,79.5,174.1,226.7,431.2,202.1,204.7,379.5,303.4,415.8
"MoffatCounty",252.8,335.2,251.4,403.5,503.3,443.5,250.3,253.2,247.1,406,211.9,361.2,372.6,395.7,314.7,230.5,240.1,327.5,259.5,163.7,295.6,303.6,283,131.6,224.4,152.9,314.9,326.7,408.6,145.4,230.4,421.2,393.1,202.9,361,238,442.3,347.5,365.5,175.9,372.7,35.5,366.5,260.7,317.2,403,269,229.9,404.4,187.1,460.2,350.6,111.3,340.6,72.1,303.4,300.9,313,413.2,176.4,265.4,361.5,285.3,397.8
"MontezumaCounty",398.1,202.6,387,98.9,434,376.4,413.7,398.5,253.4,444.8,376.4,217.2,235,347.9,305.1,171.6,385.5,43.8,406.4,304.2,434.1,361.6,306.3,263.6,388.8,389.2,212.1,120.5,263.3,423.5,375.8,419.7,490.3,300.3,56.4,454,314,444.6,510.9,202.5,170.1,366.5,23.2,158,462.5,336.2,112,307.3,549.8,274.4,412.4,314.9,322.6,170.2,382.8,206.8,94.7,93.8,558.6,329.4,332.1,506.9,430.7,543.2
"MontroseCounty",313.9,215.7,312.5,181.7,419.4,340.3,311.4,314.3,153.2,378.3,273,235.4,248.9,292.5,206.4,52.5,301.2,68,320.6,185.1,326,256.3,207.5,144.6,285.4,270.1,93.1,104.9,277.3,304.4,291.5,362.9,387.5,200.1,139.2,369.7,315.4,341.8,426.6,83.4,167.3,260.7,158,24.4,378.3,299.8,47.1,207.1,465.5,155.3,376.3,247.4,203.5,199.2,263.7,154.3,79.1,38.1,474.3,231.3,231.9,422.6,346.4,458.9
"MorganCounty",68.4,312.2,88.5,365.7,259.3,217.2,81.9,82.4,209.5,161.9,117.3,339.1,301.7,164.8,224.4,328,82.5,466.1,104.2,199.6,132.6,148.3,199.3,256.1,113.7,173.8,287.5,366.4,253.2,181.3,91.1,177.2,149.1,184.5,412.1,94.4,287,103.4,49,322.5,335.2,317.2,462.5,378.3,18.5,177.1,386.5,187,87.8,273.7,216.2,195.3,329.1,303.1,249.9,265.9,418.5,451.6,96.7,152.1,177.1,44.9,56.7,81.3
"OteroCounty",185.4,139.6,162.7,239.4,126.2,47.1,199.8,184.7,163,110.8,203.3,166.6,129.1,19.9,115.8,309.1,165.5,379.2,145.4,251.6,126.6,100.6,98.5,308.2,206.4,259.8,225.1,240,80.7,304.2,173.2,85.7,155.2,209.9,285.7,240.1,71.1,89.6,202.5,374.6,208.8,403.1,336.2,299.9,177.2,18.3,308.2,167.7,241.4,325.7,83.1,61.6,381.1,171.3,335.9,202,340.1,359.3,250.2,199.3,125.6,175.8,219.7,222.6
"OurayCounty",322.1,224,320.8,137.5,427.6,348.6,319.7,322.5,161.5,386.6,281.3,243.6,257.2,300.7,214.6,60.8,309.5,97.7,328.9,193.4,334.3,264.6,215.8,152.8,293.7,278.4,101.3,60.8,285.5,312.7,299.8,371.2,395.8,208.4,95.1,378,323.7,350.1,434.9,91.6,175.6,269,112,47.1,386.5,308.1,12,215.4,473.7,163.6,384.6,255.7,211.8,208.9,272,162.5,35,52.3,482.6,239.6,240.1,430.8,354.7,467.1
"ParkCounty",122.6,142.4,111.4,210.5,287.2,208.1,138.1,123,54.3,203.2,100.3,168.4,179.8,160.3,106.8,216.3,109.9,311.9,116.8,106.1,144.5,81.2,75.2,162.7,112.8,116.5,132.3,211.1,173.2,163.4,100.3,218.5,211.3,78.9,256.8,178.4,206.9,165.6,235.3,229.1,180,229.9,307.3,207.1,187,167.6,215.4,24.2,274.2,180.2,244.1,115.2,235.6,147.9,162.7,110.6,247.3,266.5,283,53.8,46.4,231.3,155.1,267.6
"PhillipsCounty",155.6,399.4,175.7,452.9,264.6,229.3,169.1,169.6,296.8,145.5,204.6,426.4,388.9,229,311.6,415.3,169.7,553.3,191.4,286.8,186.7,235.5,286.5,343.3,200.9,261,374.7,453.6,340.5,243.4,178.3,183.3,116.1,271.7,499.3,156.6,310.2,167.6,46.6,409.8,422.4,404.4,549.8,465.5,87.8,241.3,473.7,274.2,13.5,360.9,199.3,282.5,416.3,390.3,337.1,353.1,505.7,538.8,43.7,239.3,264.3,86,143.9,61.9
"PitkinCounty",209.3,171.9,207.9,298.1,459.8,366.1,206.9,209.7,83.8,362.5,168.4,197.9,209.3,318.3,152.9,105.1,196.6,267,216.1,80.5,252.1,260.1,233.4,57,180.9,165.5,183.5,242.7,237.6,199.9,187,377.8,349.6,128.2,255.6,265.1,364.9,304,322,123.4,209.4,187.1,274.4,155.3,273.7,325.6,163.6,180.2,360.9,16.1,416.8,273.2,129.9,177.3,163.2,140.1,195.5,214.7,369.7,126.7,215.7,318,241.9,354.3
"ProwersCounty",221.1,215.9,216.6,315.6,69.4,43.2,245.1,229.9,239.5,73.3,260.4,242.8,205.4,96.4,192.2,385.5,220.3,455.4,206.8,342.6,166.9,177,175,399.2,256.8,316.9,301.5,316.3,156.9,361.3,229.6,52.2,117.5,286.4,362,285.3,141.7,124.5,225.7,465.6,285.1,460.2,412.4,376.3,216.2,83.1,384.6,244.1,199.3,416.8,20.9,138.1,472.1,247.5,393,278.5,416.5,435.7,230.5,295.1,202,186.7,255,176.5
"PuebloCounty",132.9,118.4,110.2,218.1,181.1,102,147.3,132.2,110.5,149.8,150.8,145.3,107.9,54.2,57.5,256.6,113,357.9,92.9,199.1,120.6,48.1,46,255.7,153.9,207.3,172.6,218.7,59.4,251.7,120.7,124.7,176.8,157.4,264.4,187.6,93.1,131.2,243.6,322.1,187.6,350.6,314.9,247.4,195.3,61.5,255.7,115.2,282.5,273.2,138.1,25.2,328.6,150,283.4,149.5,287.6,306.8,291.3,146.8,73.1,198.2,167.2,245
"RioBlancoCounty",264.7,315.9,263.3,346.3,515.2,421.5,262.2,265.1,227.8,417.9,223.8,341.9,353.3,373.7,296.9,173.3,252,270.3,271.4,135.9,307.5,315.5,288.7,74.4,236.3,195.1,257.7,269.5,386.6,187.6,242.3,433.1,405,183.6,303.8,320.5,420.3,359.4,377.4,126.8,353.4,111.3,322.6,203.5,329.1,381,211.8,235.6,416.3,129.9,472.1,328.6,29.2,321.3,114.3,284.1,243.7,255.8,425.1,182.1,271.1,373.4,297.2,409.7
"RioGrandeCounty",238.7,37.7,227.6,73.4,269.1,211.5,254.3,239.1,94,279.9,216.9,56.6,70.1,183,145.7,208.4,226.1,213.2,241.5,191.8,269.2,196.7,146.9,248.4,229.4,233.1,124.4,74.1,98.4,280.1,216.4,254.8,325.4,140.9,119.8,294.5,149.1,279.7,351.5,243.7,42.9,340.6,170.2,199.2,303.1,171.3,208.9,147.9,390.3,177.3,247.5,150,321.3,15.6,273.4,47.4,174.2,260,399.1,170,172.6,347.4,271.3,383.7
"RouttCounty",185.5,268,184.2,336,436,376.3,183.1,185.9,179.8,338.7,144.6,293.9,305.3,328.4,247.4,217.6,172.9,330.6,192.3,96.4,228.4,236.4,215.8,145.6,157.1,85.7,257.8,336.7,341.3,78.2,163.2,354,325.9,135.7,364,170.7,375.1,280.2,298.3,187,305.5,72.1,382.8,263.7,249.9,335.8,272,162.7,337.1,163.2,393,283.4,114.3,273.4,25,236.2,303.9,316.1,346,109.2,198.1,294.2,218.1,330.5
"SaguacheCounty",201.5,63.8,190.3,110,296,242.4,217,201.9,56.7,280.5,179.7,83.5,97.1,194.6,108.5,163.4,188.8,249.8,200.5,154.6,228.1,158.4,109.7,211.2,192.2,195.9,79.4,110.7,125.4,242.9,179.2,265.1,289.6,103.7,156.3,257.3,176,244,314.2,198.7,79.5,303.4,206.8,154.3,265.9,201.9,162.5,110.6,353.1,140.1,278.5,149.5,284.1,47.4,236.2,29,194.4,213.6,361.9,132.7,135.4,310.2,234.1,346.5
"SanJuanCounty",354.1,206.6,352.7,102.9,438,380.5,351.6,354.5,193.4,418.5,313.2,221.2,239.1,332.7,246.6,92.7,341.4,137.7,360.8,225.3,366.2,296.5,247.7,184.8,325.6,310.3,133.3,26.1,267.4,344.6,331.7,403.1,427.7,240.3,60.4,409.9,318,382,466.8,123.6,174.1,300.9,94.7,79.1,418.5,340,35,247.3,505.7,195.5,416.5,287.6,243.7,174.2,303.9,194.4,10.1,86,514.5,271.5,272.1,462.8,386.6,499.1
"SanMiguelCounty",387.2,275.1,385.9,188.6,478.7,399.7,384.8,387.6,212.6,437.7,346.3,294.7,308.3,351.8,265.7,111.9,374.6,39,394,258.4,430,315.6,266.9,196.9,358.8,343.4,152.4,111.9,336.6,377.8,364.9,422.3,446.9,259.5,146.2,443,374.8,401.2,500,135.7,226.7,313,93.8,38.1,451.6,359.1,52.3,266.5,538.8,214.7,435.7,306.8,255.8,260,316.1,213.6,86,18.5,547.6,304.6,291.2,495.9,419.8,532.2
"SedgwickCounty",164.5,408.3,184.6,461.8,295.8,260.6,177.9,178.4,305.6,176.7,213.4,435.2,397.8,237.8,320.5,424.1,178.6,562.1,200.2,295.6,195.6,244.3,295.3,352.2,209.8,269.9,383.6,462.4,349.3,273.9,187.1,214.5,147.3,280.5,508.1,165.4,319,176.4,47.9,418.6,431.2,413.2,558.6,474.3,96.7,250.1,482.6,283,43.7,369.7,230.5,291.3,425.1,399.1,346,361.9,514.5,547.6,12.1,248.1,273.1,94.9,152.7,93.1
"SummitCounty",87.7,164.5,86.3,232.6,338.2,239.7,85.2,88.1,76.4,240.9,46.8,190.5,201.9,191.9,138.6,181.1,75,319.1,94.4,52.6,130.5,138.5,107,109.2,59.3,63,154.4,233.3,204.8,109.9,65.3,256.1,228,37.5,278.9,143.5,238.5,182.4,200.4,175.6,202.1,176.4,329.4,231.3,152.1,199.2,239.6,53.8,239.3,126.7,295.1,146.8,182.1,170,109.2,132.7,271.5,304.6,248.1,12.8,89.3,196.4,120.2,232.7
"TellerCounty",114.7,167.2,92,235.3,245.1,166,129.1,114,79.1,161.1,132.6,193.2,179.6,118.2,102.3,241.1,94.8,336.6,74.7,141.6,102.4,39.1,77.1,198.1,135.6,152,157.1,235.9,131.1,198.9,102.4,176.4,169.2,103.7,281.6,169.4,164.8,123.5,225.4,264.6,204.7,265.4,332.1,231.9,177.1,125.5,240.1,46.4,264.3,215.7,202,73.1,271.1,172.6,198.1,135.4,272.1,291.2,273.1,89.3,12.2,190.6,149,257.7
"WashingtonCounty",112.7,315.2,132.8,410,229.7,187.7,126.2,126.7,253.9,132.4,161.7,342.1,304.7,163.4,232.7,372.4,126.8,510.4,148.5,243.9,121.2,155.8,207.6,300.4,158,218.1,331.8,410.7,256.2,225.6,135.4,147.7,96.5,228.8,456.4,138.8,244.7,102.1,47.2,366.9,379.5,361.5,506.9,422.6,44.9,175.7,430.8,231.3,86,318,186.7,198.2,373.4,347.4,294.2,310.2,462.8,495.9,94.9,196.4,190.6,25.9,101,48.1
"WeldCounty",39.8,284.2,62.7,333.9,298,260.1,43.6,45.4,177.7,200.7,85.5,311.1,273.7,202.3,196.4,296.2,50.7,434.3,76.2,167.7,106.3,120.2,171.3,224.3,81.9,142,255.7,334.6,225.2,134.7,59.3,216,187.8,152.6,380.2,47.9,258.9,142.2,105,290.7,303.4,285.3,430.7,346.4,56.7,219.6,354.7,155.1,143.9,241.9,255,167.2,297.2,271.3,218.1,234.1,386.6,419.8,152.7,120.2,149,101,32.6,137.3
"YumaCounty",149.1,362,169.2,446.4,241.8,206.6,162.5,163,290.2,122.7,198,388.9,351.5,210.2,305,408.7,163.1,546.7,184.8,280.2,168,228.9,279.9,336.8,194.3,254.5,368.2,447,303,261.9,171.7,160.5,93.3,265.1,492.7,175.1,291.4,148.8,79.1,403.2,415.8,397.8,543.2,458.9,81.3,222.5,467.1,267.6,61.9,354.3,176.5,245,409.7,383.7,330.5,346.5,499.1,532.2,93.1,232.7,257.7,48.1,137.3,25
