"County","AuroraCounty","BeadleCounty","BennettCounty","BonHommeCounty","BrookingsCounty","BrownCounty","BruleCounty","BuffaloCounty","ButteCounty","CampbellCounty","CharlesMixCounty","ClarkCounty","ClayCounty","CodingtonCounty","CorsonCounty","CusterCounty","DavisonCounty","DayCounty","DeuelCounty","DeweyCounty","DouglasCounty","EdmundsCounty","FallRiverCounty","FaulkCounty","GrantCounty","GregoryCounty","HaakonCounty","HamlinCounty","HandCounty","HansonCounty","HardingCounty","HughesCounty","HutchinsonCounty","HydeCounty","JacksonCounty","JerauldCounty","JonesCounty","KingsburyCounty","LakeCounty","LawrenceCounty","LincolnCounty","LymanCounty","McCookCounty","McPhersonCounty","MarshallCounty","MeadeCounty","MelletteCounty","MinerCounty","MinnehahaCounty","MoodyCounty","PenningtonCounty","PerkinsCounty","PotterCounty","RobertsCounty","SanbornCounty","ShannonCounty","SpinkCounty","StanleyCounty","SullyCounty","ToddCounty","TrippCounty","TurnerCounty","UnionCounty","WalworthCounty","YanktonCounty","ZiebachCounty"
"AuroraCounty",13.7,65.8,220.9,81.3,144.5,142.4,28.9,63.2,314.6,216.7,61.7,127.1,136.6,160.3,273.2,291.8,24,173.9,175.2,245.8,30.6,154.2,314.3,122.1,210.9,99.1,175.7,138.9,78.6,38.9,369.3,140,65.5,104.1,168.1,37.2,114.1,106,103.2,294.1,118.2,67.3,59.5,185.1,198.9,304.5,139.4,73.6,93.7,124.7,251.5,320.8,161.8,213.6,49.2,255.3,99.8,136.1,145.9,165.4,101.2,102.9,152.7,199.6,104.9,246.7
"BeadleCounty",65.8,18.3,268.3,113.8,81.1,101,94.1,78.7,362,185.9,116.7,63.1,169.1,94,241.9,339.2,61.6,107.6,106,194.9,85.6,124.5,361.7,92.4,144.7,164.3,187.5,75.8,48,71.4,353.4,109.8,98,73,215.5,40.6,161.5,43,84.4,341.5,150.6,114.7,91.9,147.4,134.9,273.1,186.8,59.4,126.1,112.3,298.9,302,130.5,147.5,32.2,302.7,49.5,130.3,114.8,212.8,153.2,135.4,185.2,168.3,137.3,228.3
"BennettCounty",220.9,268.3,17.7,230.3,364.8,341.1,192.2,194.3,224.2,271,194,329.5,285.7,359.5,252.1,142.4,244.3,373.2,395.5,195.6,188.3,288.9,126.7,274.2,431.1,151.5,108.8,338.1,239.9,259.2,278.9,175.1,222.8,220.1,65.4,229,115.9,305.3,323.4,203.8,275.8,153.8,279.7,307,401.4,214.1,86,293.8,313.9,345,161.1,230.4,225.3,433.9,251.6,61.6,298.6,147.6,195,66.8,110.8,260.3,303.6,254,257.7,193.8
"BonHommeCounty",81.3,113.8,230.3,12.4,154.6,211.6,109.7,143.9,395.3,297.5,47.8,172.6,63.3,203.3,354,372.6,57.8,201.3,185.3,326.5,51.1,235,395.1,202.9,220.9,87.1,256.5,160,159.3,66.3,450,220.8,37.8,184.9,248.9,107.8,194.9,133.4,119.3,374.9,84.8,148.1,75.6,256.8,235.6,385.2,177.9,100.9,102.1,134.8,332.3,401.5,242.6,249.5,81.9,279,160.2,216.9,226.7,176,122.6,68.7,77,280.4,32.1,327.5
"BrookingsCounty",144.5,81.1,364.8,154.6,14.6,153.4,172.8,152.7,458.5,250.8,179.1,83.2,113.6,55.6,310.7,435.8,121,106.2,37.6,268.7,157.4,191.3,458.3,163.8,73.2,225.7,319.6,47.3,123.1,105.7,433.1,184.9,120.9,148.2,312.1,114.6,258,39.5,47.6,438.1,79.9,211.2,86.2,212.3,134.6,348.2,283.4,65.8,55.4,35.1,395.4,381.7,201.9,101.8,91,399.3,118.4,205.4,189.9,309.3,245.1,96.3,114.5,237.1,129.7,302
"BrownCounty",142.4,101,341.1,211.6,153.4,21.4,170.7,151.3,321.1,96,193.3,79.8,260.1,94.5,170.6,412.1,155.6,52.6,130.2,181.5,162.2,51.3,434.6,69.3,98,240.9,244,118.4,101.7,169.2,293.1,166.3,195.8,123.5,288.4,117.2,234.4,125.7,161.2,346.5,226.4,187.6,178.4,57.5,74.4,313.4,259.7,149.8,201.9,181.6,371.8,241.7,114.8,100.9,130,375.6,64.4,186.8,142.6,285.7,226.1,242.9,261,97,229.6,214.9
"BruleCounty",28.9,94.1,192.2,109.7,172.8,170.7,15,35.7,285.9,188,68.2,155.4,164.9,188.6,244.6,263.1,52.3,202.2,203.5,217.1,58.9,139.9,285.6,107.8,239.2,88.9,147,167.2,64.3,67.2,340.6,111.3,93.8,75.5,139.4,53.8,85.4,134.3,131.5,265.5,146.5,38.6,87.8,170.8,227.2,275.8,110.7,101.9,121.9,153,222.8,292.1,133.1,241.9,77.5,226.6,128.1,107.4,117.2,136.7,72.5,131.2,181,171,133.2,218
"BuffaloCounty",63.2,78.7,194.3,143.9,152.7,151.3,35.8,11.4,288,157.9,102.5,139.9,199.2,170,214.4,265.2,86.6,183.6,178.7,167.2,93.2,125.6,287.7,93.5,220.7,95.5,149.1,148.6,50,101.5,342.7,80.2,128.1,45.3,141.5,39.5,87.5,115.7,114.3,267.6,180.8,40.7,122,156.5,211.8,224.7,112.8,89.3,156.2,139,224.9,256.3,103,223.5,62,228.7,108.7,81.9,87.1,138.8,79.2,165.5,215.3,140.8,167.5,185
"ButteCounty",314.6,362,224.2,395.3,458.5,321.1,285.9,288,24.5,243.8,353.9,329,450.6,361,186.2,115.1,338,360.4,385,159.6,344.6,273.6,137.6,252.9,400.6,322.9,171.9,377.3,279.1,352.9,87.8,219.3,379.5,259.3,157.7,322.7,209.6,399,417.1,42.8,432.1,247.5,373.4,282.3,374.3,60.8,227.8,387.5,407.6,438.7,76,127.8,210,403.4,345.3,149.3,298.6,193.9,220.9,253.8,280.5,416.9,466.7,228.2,418.9,119.6
"CampbellCounty",216.8,185.9,271,297.5,250.8,96,188.1,157.9,243.8,14.3,256.1,175.3,357.5,191.7,91.9,342,240.2,150,227.6,116.8,246.8,66.8,364.5,101.5,195.4,233.9,178.7,215.6,136.9,255.1,214.4,101,281.7,113.8,218.3,192.7,164.3,221.2,258.4,269.2,323.8,168.9,275.6,39.7,131.7,236.1,189.6,239.4,299.3,279,301.7,163,64.4,163.4,212.2,305.5,146.8,121.5,77.3,215.6,202,319.1,358.4,26.5,321.1,137.6
"CharlesMixCounty",61.7,116.7,194,47.8,179.1,193.3,68.2,102.5,353.9,256,17.4,177.9,103.2,204.1,312.6,331.2,74.9,217.8,209.8,285.1,31.8,193.5,353.7,161.4,245.4,58.3,215,182.7,117.9,82.8,408.6,179.3,66.8,143.5,207.5,88,153.4,149.9,147,333.5,109.3,106.6,103.3,224.5,249.8,343.8,141.6,117.4,126.6,159.3,290.8,360.1,201.1,274,98.4,242.6,150.7,175.4,185.3,139.6,86.3,93.3,121.1,239,75.2,286.1
"ClarkCounty",127.1,63.1,329.5,172.6,83.2,79.8,155.4,139.9,329,175.3,177.9,16,189.9,35.9,235.2,400.5,121.7,49.5,60,189.5,146.9,115.9,423,84.7,86.6,225.6,231.7,52.3,89.6,106.4,347.9,153.9,143.1,117.2,276.8,101.9,222.8,49.9,91.9,354.4,156.2,176,102.6,136.8,83.9,317.3,248.1,74,131.7,111.4,360.2,296.5,122.8,89.5,92.1,364,39.2,174.5,150.6,274.1,214.5,146.1,190.8,161.6,153.9,222.9
"ClayCounty",136.6,169.1,285.7,63.3,113.6,260.1,164.9,199.2,450.6,357.5,103.2,189.9,10.5,162.3,417.4,427.9,113.1,212.9,144.3,381.8,105.4,298,450.4,258.1,179.9,142.4,311.7,153.9,214.6,97.8,505.3,276,80.3,240.2,304.2,163,250.1,149.1,90.8,430.2,43.8,203.3,78.3,319,241.3,440.5,233.3,113.1,61.1,93.8,387.5,456.8,297.8,208.4,137.2,334.3,225.1,272.1,281.9,231.3,177.9,39.7,29.6,343.8,39.8,382.8
"CodingtonCounty",160.3,94,359.5,203.3,55.6,94.5,188.6,170,361,191.7,204.1,35.9,162.3,13.8,251.6,430.5,136.8,47.4,32.4,221.4,173.1,132.3,453,110.7,59.1,258.8,263.6,24.7,121.5,121.4,374.1,185.9,144.4,149.1,306.8,131.9,252.8,60.2,67.6,432.9,128.7,206,103.9,153.2,81.7,349.2,278.1,89.1,104.2,83.8,390.2,322.7,154.7,61.9,114.2,394,71.1,206.4,182.5,304.1,260.9,123.2,163.2,178,178.5,254.8
"CorsonCounty",273.3,241.9,252.1,354.1,310.7,170.6,244.7,214.4,186.2,91.9,312.7,235.2,417.4,251.6,25.9,268.1,296.8,209.9,287.5,83,303.4,123.4,290.6,158.1,255.3,310.6,160.9,275.5,193.5,311.7,156.8,157.5,338.3,170.3,193.8,249.2,197.3,279,318.3,211.6,383.7,235.2,332.2,130.4,222.4,178.5,215.5,295.4,359.2,338.9,229,105.4,121,254.1,268.2,281,206.7,158.9,133.9,241.5,268.3,375.7,418.3,76.3,377.6,80
"CusterCounty",291.8,339.2,142.4,372.6,435.8,412.1,263.1,265.2,115.6,342,331.2,400.5,427.9,430.5,268.6,20.3,315.3,444.1,466.5,242.1,321.8,359.9,40.1,345.2,502.1,300.2,149.2,409.1,310.8,330.2,170.3,246,356.8,291.1,135,300,186.9,376.3,394.4,77.1,409.4,224.7,350.7,378,472.3,105.5,205.1,364.8,384.9,416,49.2,210.2,296.3,504.8,322.6,120.3,369.6,202.2,265.9,196.1,257.8,394.1,444,325,396.1,202.1
"DavisonCounty",24,61.6,244.3,57.8,121,155.6,52.3,86.6,338,240.1,74.9,121.7,113.1,136.8,296.7,315.3,10.8,150.4,151.7,269.2,43.9,177.6,337.8,145.5,187.4,122.6,199.1,115.4,102,15.4,392.7,163.4,42,127.6,191.6,50.4,137.5,82.5,79.7,317.6,94.7,90.7,35.9,199.5,184.7,327.9,162.9,50.1,70.1,101.2,274.9,344.2,185.3,190.1,29.7,278.8,108,159.6,169.4,188.9,124.7,79.4,129.2,223.1,81.4,270.2
"DayCounty",173.9,107.6,373.2,201.3,106.2,52.6,202.2,183.6,360.4,150,217.8,49.5,212.9,47.4,209.9,444.1,150.4,17,83,220.8,186.7,90.6,466.6,108.6,50.9,272.5,276.9,71.2,134.8,135,332.4,199.2,171.7,162.8,320.4,145.5,266.4,78.5,114.1,385.7,179.3,219.6,131.3,111.5,40.9,352.7,291.7,102.7,154.8,134.4,403.8,281,154.1,53.7,127.8,407.6,84.4,219.7,181.9,317.7,274.5,195.7,213.9,136.3,182.5,254.2
"DeuelCounty",175.2,106,395.5,185.3,37.6,130.2,203.5,178.7,385,227.6,209.8,60,144.3,32.4,287.5,466.5,151.7,83,13,245.5,188.1,168.1,489,140.6,37.9,256.4,350.3,31.3,145.5,136.4,409.9,205.4,151.6,168.7,342.8,140.6,288.7,66.8,78.3,468.8,110.6,241.9,116.9,189.1,111.4,368.7,314.1,102.6,86.1,65.8,426.1,358.5,178.7,78.6,127.8,430,95.2,225.9,206.6,340,275.8,127.1,145.2,213.9,160.4,278.9
"DeweyCounty",245.8,194.9,195.6,326.5,268.7,181.5,217.1,167.2,159.6,116.8,285.1,189.5,381.8,221.4,83,241.6,269.2,220.8,245.5,25.4,275.8,134.1,264.1,113.4,261,254.1,104.4,237.8,148.8,284.1,162.6,105,310.7,125.6,142.9,202,140.8,232,273.4,185,363.4,178.7,304.6,155.3,247.3,152,159,248.4,338.8,296.9,209.9,111.2,70.5,263.9,221.2,230.1,159.1,102.3,81.4,185,211.8,348.1,397.9,101.2,350.1,53.5
"DouglasCounty",30.6,85.6,188.3,51.1,157.4,162.2,58.9,93.2,344.6,246.7,31.8,146.9,105.4,173.1,303.3,321.8,43.9,186.7,188.1,275.8,10.7,184.2,344.3,152.1,223.7,80.9,205.7,151.7,108.6,51.8,399.3,170,35.8,134.2,198.2,57,144.1,118.9,116,324.2,88.8,97.3,72.3,206.1,218.7,334.5,135.9,86.4,106.5,137.6,281.5,350.8,191.8,226.4,67.4,236.9,119.7,166.1,175.9,133.9,80.5,73.2,123.4,229.7,77.3,276.7
"EdmundsCounty",154.2,124.5,288.9,235,191.3,51.3,139.9,125.6,273.6,66.8,193.5,115.9,298,132.3,123.4,359.9,177.6,90.6,168.1,134.1,184.2,17.5,382.4,41.3,136,215.6,196.6,156.1,76,192.5,245.8,118.8,219.1,95.5,236.2,130.5,182.1,161.7,199,299,264.4,160.8,213.1,52.1,110.9,266,207.5,178,239.9,219.6,319.5,194.4,67.3,138.8,150.8,323.4,87.3,139.4,95.2,233.4,199.3,256.5,299,49.8,258.5,167.5
"FallRiverCounty",314.3,361.7,126.7,395.1,458.3,434.6,285.6,287.7,138.1,364.5,353.7,423,450.4,453,291.1,40.1,337.8,466.6,489,264.6,344.3,382.4,21.5,367.7,524.6,265.2,171.7,431.6,333.3,352.7,192.8,268.5,379.3,313.6,157.5,322.5,209.4,398.8,416.9,104.6,431.9,247.2,373.2,400.5,494.8,128,227.6,387.3,407.4,438.5,71.7,232.7,318.8,527.3,345.1,104.6,392.1,224.7,288.4,180.4,224.5,416.6,466.5,347.5,418.6,224.6
"FaulkCounty",122.1,92.4,274.2,202.9,163.8,69.3,107.8,93.5,252.9,101.5,161.4,84.7,258.1,110.7,158.1,345.2,145.5,108.6,140.6,113.4,152.1,41.3,367.7,16.3,148.8,175.5,175.9,132.9,43.9,160.4,271.8,98.1,187,55.3,221.5,98.4,167.4,129.4,170.9,278.3,239.7,120.6,181,72.3,130.4,245.3,192.8,145.9,215.2,192.1,304.8,220.4,46.7,151.6,118.7,308.7,54.2,118.7,74.5,218.8,159.1,224.4,274.3,84.5,226.4,146.8
"GrantCounty",210.9,144.7,431.1,220.9,73.2,98,239.2,220.7,400.6,195.4,245.4,86.6,179.9,59.1,255.3,502.1,187.4,50.9,37.9,261,223.7,136,524.6,148.8,13.5,292.1,314.3,73.2,172.2,172,377.8,236.6,187.3,199.8,378.4,182.6,324.4,108.7,113.9,504.4,146.2,277.6,152.5,156.9,79.2,392.9,349.7,138.2,121.7,101.4,461.8,326.4,194.3,46.4,163.4,465.6,121.8,257.1,222.1,375.7,311.5,162.7,180.8,181.7,196.1,294.4
"GregoryCounty",99.1,164.3,151.5,87.1,225.7,240.9,88.9,95.5,322.9,233.9,58.3,225.6,142.4,258.8,310.6,300.2,122.6,272.5,256.4,254.1,80.9,215.6,265.2,175.5,292.1,16.7,184,237.4,141.1,137.5,377.6,148.4,115.9,121.4,176.5,130.3,122.4,204.6,201.7,302.5,156,75.7,158,246.3,297.4,312.8,99.1,172.1,173.3,206,259.8,329.1,179.1,320.6,147.7,200.1,198.4,144.5,168.3,97.2,43.8,139.4,160.4,216.9,114.4,255.1
"HaakonCounty",175.7,187.5,108.8,256.5,319.6,244,147,149.1,171.9,178.7,215,231.7,311.7,263.6,160.9,149.2,199.1,276.9,350.3,104.4,205.7,196.6,171.7,175.9,314.3,184,22,253,142.5,214,196.2,82.7,240.6,122.8,42.3,183.9,70.7,224.6,278.3,151.5,293.3,108.6,234.6,214.7,303.4,113.2,88.9,248.7,268.8,299.8,108.9,144.8,133,317.1,206.5,129.5,201.3,57.4,102.6,114.9,141.7,278,327.8,161.7,280,108.2
"HamlinCounty",138.9,75.8,338.1,160,47.3,118.4,167.2,148.6,377.3,215.6,182.7,52.3,153.9,24.7,275.5,409.1,115.4,71.2,31.3,237.8,151.7,156.1,431.6,132.9,73.2,237.4,253,11.9,113.5,100,397.9,175.3,125.9,138.5,285.4,110.5,231.4,41.7,49.1,411.4,120.3,184.6,85.5,177.1,108.8,338.6,256.7,67.6,95.8,75.5,368.8,346.5,171,76,92.8,372.6,87.5,195.8,180.3,282.7,239.5,104.7,154.9,201.9,136.7,271.1
"HandCounty",78.6,48,239.9,159.3,123.1,101.7,64.3,50,279.1,136.9,117.9,89.6,214.6,121.5,193.5,310.8,102,134.8,145.5,148.8,108.6,76,333.3,43.9,172.2,141.1,142.5,113.5,19.5,116.9,307.2,64.8,143.5,28,187.1,54.9,133.1,85,126.5,313.1,196.2,86.3,137.4,107,161.4,228.1,158.4,101.5,171.6,154.3,270.5,255.8,82,175,74.3,274.3,59.1,85.3,69.8,184.4,124.8,180.9,230.7,119.9,182.9,182.1
"HansonCounty",38.9,71.4,259.2,66.3,105.7,169.2,67.2,101.5,352.9,255,82.8,106.4,97.8,121.4,311.6,330.2,15.4,135,136.4,284.1,51.8,192.5,352.7,160.4,172,137.5,214,100,116.9,10.7,407.6,178.3,50.5,142.5,206.5,65.3,152.4,67.2,64.3,332.5,79.3,105.6,20.6,214.4,169.4,342.8,177.8,34.7,54.8,85.9,289.8,359.1,200.1,174.8,39.5,293.7,117.8,174.4,184.3,203.8,139.6,64.1,113.9,238,66,285.1
"HardingCounty",369.3,353.4,278.9,450,433.1,293.1,340.6,342.7,87.8,214.4,408.6,347.9,505.3,374.1,156.8,169.8,392.7,332.4,409.9,162.6,399.3,245.8,192.3,271.8,377.8,377.6,196.2,397.9,307.2,407.6,26.6,251.3,434.2,284,212.4,377.4,264.3,390.4,471.8,101.6,486.8,302.2,428.1,252.8,344.9,115.5,282.5,442.2,462.3,493.4,130.6,70.8,228.9,376.5,400,204,317.5,225.9,239.8,308.5,335.2,471.6,521.4,198.8,473.6,138.5
"HughesCounty",140,109.8,175.1,220.8,184.9,166.3,111.3,80.2,219.3,101,179.3,153.9,276,185.9,157.5,246,163.4,199.2,205.4,105,170,118.8,268.5,98.1,236.6,148.4,82.7,175.3,64.8,178.3,251.3,14.6,204.9,45,122.3,115,68.3,146.8,188.3,206.9,257.6,72.9,198.9,136.9,225.7,168.3,93.6,163.3,233.1,216.1,205.7,199.9,55.2,239.4,136.1,209.5,123.5,25.5,24.9,119.6,106,242.3,292.1,83.9,244.3,128.6
"HutchinsonCounty",65.5,98,222.8,37.8,120.9,195.8,93.8,128.1,379.5,281.6,66.8,143.1,80.3,144.4,338.2,356.8,42,171.7,151.6,310.7,35.8,219.1,379.3,187,187.3,115.9,240.6,125.9,143.5,50.5,434.2,204.9,14.7,169.1,233.1,91.9,179,103.9,85.3,359.1,62.1,132.2,41.6,241,206.1,369.4,170.4,76.4,68.5,101.2,316.4,385.7,226.8,215.8,66.1,271.4,144.4,201.1,210.9,168.4,115.1,46.5,96.7,264.6,53,311.7
"HydeCounty",104.2,73,220.1,185,148.2,123.5,75.6,45.3,259.3,113.8,143.6,117.2,240.3,149.1,170.3,291.1,127.7,162.8,168.7,125.6,134.3,95.5,313.6,55.3,199.8,121.4,122.8,138.5,28,142.6,284,45,169.2,15.1,167.4,80.1,113.3,110.1,151.5,293.4,221.8,66.6,163.1,126.2,184.6,208.4,138.7,126.5,197.3,179.4,250.7,232.6,58.9,202.7,99.3,254.6,86.8,65.6,50.1,164.7,105.1,206.6,256.4,96.7,208.6,159
"JacksonCounty",168.1,215.5,65.4,248.9,312.1,288.4,139.4,141.5,157.7,218.3,207.5,276.8,304.2,306.8,193.8,135,191.6,320.4,342.8,142.9,198.2,236.2,157.5,221.5,378.4,176.5,42.3,285.4,187.1,206.5,212.4,122.3,233.1,167.4,22.3,176.3,63.2,252.6,270.7,137.3,285.7,101,227,254.3,348.6,147.6,81.4,241.1,261.2,292.3,94.6,163.9,172.6,381.2,198.9,98.5,245.9,94.9,142.3,107.3,134.1,270.5,320.3,201.3,272.4,127.3
"JerauldCounty",37.2,40.6,229,107.8,114.6,117.2,53.8,39.5,322.7,192.7,88,101.9,163,131.9,249.2,300,50.4,145.5,140.6,202,57,130.5,322.5,98.4,182.6,130.3,183.9,110.5,54.9,65.3,377.4,115,91.9,80.1,176.3,11.9,122.3,77.6,76.2,302.3,144.6,75.5,85.8,161,173.7,259.5,147.6,51.2,120,100.9,259.7,291,137.8,185.4,24,263.5,74.6,116.7,121.9,173.6,114,129.3,179.1,175.6,131.3,219.8
"JonesCounty",114.1,161.5,115.9,194.9,258,234.4,85.4,87.5,209.6,164.3,153.4,222.8,250.1,252.8,197.3,186.9,137.5,266.4,288.7,140.8,144.1,182.1,209.4,167.4,324.4,122.4,70.7,231.4,133.1,152.4,264.3,68.3,179,113.3,63.2,122.3,16,198.5,216.7,189.2,231.7,47,173,200.3,294.6,199.5,34.5,187.1,207.2,238.3,146.5,215.8,118.5,327.1,144.9,150.4,191.8,64.4,88.2,60.5,80.1,216.4,266.3,147.3,218.4,141.8
"KingsburyCounty",106,43,305.3,133.4,39.5,125.7,134.3,115.7,399,221.2,149.9,49.9,149.1,60.2,279,376.3,82.5,78.5,66.8,232,118.9,161.7,398.8,129.4,108.7,204.6,224.6,41.7,85,67.2,390.4,146.8,103.9,110.1,252.6,77.6,198.5,15.1,43.4,378.6,115.5,151.7,63.4,182.7,112.9,310.1,223.9,34.8,91,70.7,335.9,339,167.6,111.5,60,339.8,85.1,167.3,151.8,249.9,206.6,99,150.1,205.4,114.6,265.4
"LakeCounty",103.2,84.4,323.4,119.3,47.6,161.2,131.5,114.3,417.1,258.4,147,91.9,90.8,67.6,318.3,394.4,79.7,114.1,78.3,273.4,116,199,416.9,170.9,113.9,201.7,278.3,49.1,126.5,64.3,471.8,188.3,85.3,151.5,270.7,76.2,216.7,43.4,12.3,396.7,72.6,169.9,44.8,219.9,151.7,334.3,242,27.3,48.1,27.8,354.1,365.8,209,118.9,52.5,357.9,127.1,191.5,193.3,268,203.8,57.1,107.2,244.7,96.1,294.6
"LawrenceCounty",294.1,341.5,203.8,374.9,438.1,346.5,265.5,267.6,42.8,269.2,333.5,354.4,430.2,432.9,211.6,77.1,317.6,385.7,468.8,185,324.2,299,104.6,278.3,504.4,302.5,151.5,411.4,313.1,332.5,101.6,206.9,359.1,293.4,137.3,302.3,189.2,378.6,396.7,14.6,411.7,227.1,353,307.6,399.7,48.4,207.4,367.1,387.2,418.3,55.5,153.2,235.4,428.8,324.9,128.9,324,181.5,226.8,233.4,260.1,396.5,446.3,253.6,398.5,145
"LincolnCounty",118.2,150.6,275.8,84.8,79.9,226.4,146.5,180.8,432.1,323.8,109.3,156.2,43.8,128.7,383.7,409.4,94.7,179.3,110.6,363.4,88.8,264.4,431.9,239.7,146.2,156,293.3,120.3,196.2,79.3,486.8,257.6,62.1,221.7,285.7,144.6,231.7,115.5,72.6,411.7,12.4,184.9,59.8,285.3,207.6,422,257,94.6,24.1,60.1,369.1,438.3,279.4,174.8,118.7,372.9,191.4,253.7,263.5,221.5,168.1,28.9,44.7,310.1,60,364.3
"LymanCounty",67.3,114.7,153.8,148.1,211.2,187.6,38.6,40.7,247.5,168.9,106.6,176,203.3,206,235.2,224.7,90.7,219.6,241.9,178.7,97.3,160.8,247.2,120.6,277.6,75.7,108.6,184.6,86.3,105.6,302.2,72.9,132.2,66.6,101,75.5,47,151.7,169.9,227.1,184.9,21.3,126.2,191.5,247.8,237.4,72.3,140.3,160.4,191.4,184.4,253.7,123.1,280.3,98.1,188.2,145,69,92.8,98.3,57.5,169.6,219.4,151.9,171.6,179.6
"McCookCounty",59.5,91.9,279.7,75.6,86.2,178.4,87.8,122,373.4,275.5,103.3,102.6,78.3,103.9,332.1,350.7,35.9,131.3,116.9,304.6,72.3,213.1,373.2,181,152.5,158,234.6,85.5,137.4,20.6,428.1,198.9,41.6,163,227,85.8,173,63.4,44.8,353,59.8,126.2,12.4,234.9,165.6,363.3,198.3,35.9,35.3,66.4,310.4,379.6,220.7,155.3,60,314.2,138.3,195,204.8,224.3,160.1,44.6,94.4,258.5,52.4,305.6
"McPhersonCounty",185.1,147.4,307,256.8,212.3,57.5,170.8,156.5,282.3,39.7,224.5,136.8,319,153.2,130.4,378,199.5,111.5,189.1,155.3,206.1,52.1,400.5,72.3,156.9,246.3,214.7,177.1,107,214.4,252.8,136.9,241,126.2,254.3,161,200.3,182.7,219.9,307.6,285.3,191.5,234.9,17.5,93.2,274.6,225.6,200.9,260.8,240.5,337.7,201.4,85.5,124.9,173.7,341.5,108.3,157.5,113.3,251.6,230,278.4,319.9,65,280.4,176.1
"MarshallCounty",198.9,134.9,401.4,235.6,134.6,74.4,227.2,211.8,374.3,131.7,249.8,83.9,241.3,81.7,222.4,472.3,184.7,40.9,111.4,247.3,218.7,110.9,494.8,130.4,79.2,297.4,303.4,108.8,161.4,169.4,344.9,225.7,206.1,184.6,348.6,173.7,294.6,112.9,151.7,399.7,207.6,247.8,165.6,93.2,15.3,366.6,319.9,137,183.1,162.8,432,293.5,174.2,37.6,164,435.8,111,246.2,202,345.9,286.3,224.1,242.2,157,216.8,268.1
"MeadeCounty",304.5,273.1,214.1,385.2,348.2,313.4,275.8,224.7,60.8,236.1,343.8,317.3,440.5,349.2,178.5,105,327.9,352.7,368.7,152,334.5,266,127.5,245.3,392.9,312.8,113.2,338.6,228.1,342.8,115.5,168.3,369.4,208.4,147.6,259.5,199.5,310.1,334.3,48.4,422,237.4,363.3,274.6,366.6,30.4,217.7,309.3,397.5,428.6,65.9,148.6,202.3,395.7,282.1,139.2,286.9,143,188.2,243.7,270.4,406.8,456.6,220.5,408.8,112
"MelletteCounty",139.4,186.8,86,177.9,283.4,259.7,110.7,112.8,227.8,189.6,141.6,248.1,233.3,278.1,215.5,205.1,162.9,291.7,314.1,159,135.9,207.5,227.6,192.8,349.7,99.1,88.9,256.7,158.4,177.8,282.5,93.6,170.4,138.7,81.4,147.6,34.5,223.9,242,207.4,257,72.3,198.3,225.6,319.9,217.7,18.6,212.4,232.5,263.6,164.7,234,143.9,352.5,170.2,134.6,217.2,89.7,113.5,31.6,58.4,241.8,291.6,172.6,205.2,159.9
"MinerCounty",73.6,59.4,293.8,100.9,65.8,149.8,101.9,89.3,387.5,239.4,117.4,74,113.1,89.1,295.4,364.8,50.1,102.7,102.6,248.4,86.4,178,387.3,145.9,138.2,172.1,248.7,67.6,101.5,34.7,442.2,163.3,76.4,126.5,241.1,51.2,187.1,34.8,27.3,367.1,94.6,140.3,35.9,200.9,137,309.3,212.4,12.3,70.1,52.1,324.5,340.8,184,142.9,27.5,328.3,105.8,166.5,168.3,238.4,174.2,79.4,129.2,221.8,87.2,269.6
"MinnehahaCounty",93.7,126.1,313.9,102.1,55.4,201.9,121.9,156.2,407.6,299.3,126.6,131.7,61.1,104.2,359.2,384.9,70.1,154.8,86.1,338.8,106.5,239.9,407.4,215.2,121.7,173.3,268.8,95.8,171.6,54.8,462.3,233.1,68.5,197.2,261.2,120,207.2,91,48.1,387.2,24.1,160.4,35.3,260.8,183.1,397.5,232.5,70.1,14.7,35.6,344.5,413.8,254.9,150.3,94.2,348.4,166.9,229.2,239,258.5,194.3,43.9,62,285.6,77.3,339.8
"MoodyCounty",124.7,112.3,345,134.8,35.1,181.6,153,139,438.7,279,159.3,111.4,93.8,83.8,338.9,416,101.2,134.4,65.8,296.9,137.6,219.6,438.5,192.1,101.4,206,299.8,75.5,154.3,85.9,493.4,216.1,101.2,179.4,292.3,100.9,238.3,70.7,27.8,418.3,60.1,191.4,66.4,240.5,162.8,428.6,263.6,52.1,35.6,11.7,375.6,444.9,230.2,130,77.3,379.5,146.6,260.3,221.2,289.6,225.4,76.6,94.7,265.3,109.9,330.3
"PenningtonCounty",251.5,298.9,161.1,332.3,395.4,371.8,222.8,224.9,76.5,301.7,290.8,360.2,387.5,390.2,229.5,49.2,274.9,403.8,426.1,209.9,281.5,319.5,71.7,304.8,461.8,259.8,108.9,368.8,270.5,289.8,131.1,205.7,316.4,250.7,94.6,259.7,146.5,335.9,354.1,56,369.1,184.4,310.4,337.7,432,66.4,164.7,324.5,344.5,375.6,27.2,171.1,255.9,464.5,282.3,74.6,329.2,161.9,225.6,190.7,217.5,353.8,403.6,284.6,355.8,162.9
"PerkinsCounty",320.8,302,230.4,401.5,381.7,241.7,292.1,256.3,127.8,163,360.1,296.5,456.8,322.7,105.4,209.7,344.2,281,358.5,111.2,350.8,194.4,232.2,220.4,326.4,329.1,144.8,346.5,255.8,359.1,70.8,199.9,385.7,232.6,163.9,291,215.8,339,365.8,153.2,438.3,253.7,379.6,201.4,293.5,148.6,234,340.8,413.8,444.9,170.6,27.7,177.5,325.1,313.6,243.9,266.1,174.5,188.4,260,286.7,423.1,472.9,147.4,425.1,87.1
"PotterCounty",161.9,130.5,225.3,242.7,201.9,114.8,133.2,103,210,64.4,201.3,122.8,297.9,154.7,121,296.3,185.3,154.1,178.7,70.5,191.9,67.3,318.8,46.7,194.3,179.1,133,171,82,200.3,228.9,55.2,226.8,58.9,172.6,137.8,118.5,167.6,209,235.4,279.5,123.1,220.8,85.5,174.2,202.3,143.9,184,255,230.2,255.9,177.5,15.4,197.1,156.8,259.8,92.3,75.7,31.6,169.8,156.2,264.2,314.1,47.4,266.2,103.8
"RobertsCounty",213.6,147.5,433.9,249.5,101.8,100.9,241.9,223.5,403.4,163.4,274,89.5,208.4,61.9,254.1,504.8,190.1,53.7,78.6,263.9,226.4,138.8,527.3,151.6,46.4,320.6,317.1,76,175,174.8,376.5,239.4,215.8,202.7,381.2,185.4,327.1,111.5,118.9,428.8,174.8,280.3,155.3,124.9,37.6,395.7,352.5,142.9,150.3,130,464.5,325.1,197.1,17.3,168.1,468.3,124.7,259.9,224.9,378.4,314.2,191.2,209.4,184.6,224.6,297.2
"SanbornCounty",49.2,32.2,251.6,81.9,91,130,77.5,62,345.3,212.2,98.4,92.1,137.2,114.2,268.2,322.6,29.7,127.8,127.8,221.2,67.4,150.8,345.1,118.7,163.4,147.7,206.5,92.8,74.3,39.5,400,136.1,66.1,99.3,198.9,24,144.9,60,52.5,324.9,118.7,98.1,60,173.7,164,282.1,170.2,27.5,94.2,77.3,282.3,313.6,156.8,168.1,12.3,286.1,78.6,139.3,141.1,196.2,136.6,103.5,153.3,194.6,105.4,242.4
"ShannonCounty",255.3,302.7,61.6,279,399.3,375.6,226.6,228.7,149.8,305.5,242.6,364,334.3,394,281,120.3,278.8,407.6,430,230.1,236.9,323.4,104.6,308.7,465.6,200.1,129.5,372.6,274.3,293.7,204.5,209.5,271.4,254.6,98.5,263.5,150.4,339.8,357.9,129.4,372.9,188.2,314.2,341.5,435.8,139.7,134.6,328.3,348.4,379.5,74.6,244.4,259.8,468.3,286.1,23.6,333.1,182.1,229.4,115.4,159.5,308.9,352.3,288.5,306.3,214.5
"SpinkCounty",99.8,49.5,298.6,160.2,118.4,64.4,128.1,108.7,298.6,146.8,150.7,39.2,225.1,71.1,206.7,369.6,108,84.4,95.2,159.1,119.7,87.3,392.1,54.2,121.8,198.4,201.3,87.5,59.1,117.8,317.5,123.5,144.4,86.8,245.9,74.6,191.8,85.1,127.1,324,191.4,145,138.3,108.3,111,286.9,217.2,105.8,166.9,146.6,329.2,266.1,92.3,124.7,78.6,333.1,20,144.1,120.2,243.1,183.6,181.8,226,133.1,183.7,192.5
"StanleyCounty",136.1,130.3,147.6,216.9,205.4,186.8,107.4,81.9,193.9,121.5,175.4,174.5,272.1,206.4,158.9,202.2,159.6,219.7,225.9,102.3,166.1,139.4,224.7,118.7,257.1,144.5,57.4,195.8,85.3,174.4,225.9,25.5,201.1,65.6,94.9,116.7,64.4,167.3,191.5,181.5,253.7,69,195,157.5,246.2,143,89.7,166.5,229.2,260.3,161.9,174.5,75.7,259.9,139.3,182.1,144.1,20,45.4,115.7,102.1,238.4,288.3,104.5,240.4,103.3
"SullyCounty",146,114.8,195,226.8,189.9,142.6,117.3,87.1,220.9,77.3,185.4,150.6,282,182.5,133.9,265.9,169.4,181.9,206.6,81.4,176,95.2,288.4,74.5,222.1,168.3,102.6,180.3,69.8,184.4,239.8,24.9,210.9,50.1,142.3,121.9,88.2,151.8,193.3,226.8,263.6,92.8,204.9,113.3,202,188.2,113.5,168.3,239.1,221.2,225.6,188.4,31.6,224.9,141.1,229.4,120.2,45.4,16.8,139.5,125.9,248.3,298.2,60.3,250.3,114.8
"ToddCounty",165.4,212.8,66.8,176,309.3,285.7,136.7,138.8,253.8,215.6,139.6,274.1,231.3,304.1,241.5,196.1,188.9,317.7,340,185,133.9,233.4,180.4,218.8,375.7,97.2,114.9,282.7,184.4,203.8,308.5,119.6,168.4,164.7,107.3,173.6,60.5,249.9,268,233.4,221.5,98.3,224.3,251.6,345.9,243.7,31.6,238.4,258.5,289.6,190.7,260,169.8,378.4,196.2,115.4,243.1,115.7,139.5,19.2,56.5,205.9,249.3,198.6,203.3,185.9
"TrippCounty",101.2,153.2,110.8,122.6,245.1,226.1,72.5,79.2,280.5,202,86.3,214.5,177.9,260.9,268.3,257.8,124.7,274.5,275.8,211.8,80.5,199.3,224.5,159.1,311.5,43.8,141.7,239.5,124.8,139.6,335.2,106,115.1,105.1,134.1,114,80.1,206.6,203.8,260.1,168.1,57.5,160.1,230,286.3,270.4,58.4,174.2,194.3,225.4,217.5,286.7,156.2,314.2,136.6,159.5,183.6,102.1,125.9,56.5,20.7,152.5,195.9,184.9,149.9,212.7
"TurnerCounty",102.9,135.4,260.3,68.7,96.3,242.9,131.2,165.5,416.9,319,93.3,146.1,39.7,123.2,375.6,394.1,79.4,195.7,127.1,348.1,73.2,256.5,416.6,224.4,162.7,139.4,278,104.7,180.9,64.1,471.6,242.3,46.5,206.5,270.5,129.3,216.4,99,57.1,396.5,28.9,169.6,44.6,278.4,224.1,406.8,241.8,79.4,43.9,76.6,353.8,423.1,264.1,191.2,103.5,308.9,181.8,238.4,248.2,205.9,152.5,12.8,57.5,302,43.9,349
"UnionCounty",152.7,185.2,303.6,77,114.5,261,181,215.3,466.7,358.4,121.1,190.8,29.6,163.2,418.3,444,129.2,213.9,145.2,397.9,123.4,299,466.5,274.3,180.8,160.4,327.8,154.9,230.7,113.9,521.4,292.1,96.7,256.3,320.3,179.1,266.3,150.1,107.2,446.3,44.7,219.4,94.4,319.9,242.2,456.6,291.6,129.2,62,94.7,403.6,472.9,314,209.4,153.3,352.3,226,288.3,298.1,249.3,195.9,57.5,11.1,344.7,53.4,398.9
"WalworthCounty",199.7,168.3,254,280.5,237.1,97,171.1,140.8,228.2,26.5,239.1,161.6,343.8,178,76.3,325,223.2,136.3,213.9,101.2,229.8,49.8,347.5,84.5,181.7,216.9,161.7,201.9,119.9,238.1,198.8,83.9,264.7,96.7,201.3,175.6,147.3,205.4,244.7,253.6,310.1,151.9,258.6,65,157,220.5,172.6,221.8,285.6,265.3,284.6,147.4,47.4,184.6,194.6,288.5,133.1,104.5,60.3,198.6,184.9,302.1,344.7,14,304,122
"YanktonCounty",104.9,137.3,257.7,32.1,129.7,229.6,133.2,167.5,418.9,321,75.2,153.9,39.8,178.5,377.5,396.1,81.4,182.5,160.4,350.1,77.3,258.5,418.6,226.4,196.1,114.4,280,136.7,182.9,66,473.6,244.3,53,208.4,272.4,131.3,218.4,114.6,96.1,398.5,60,171.6,52.4,280.4,216.8,408.8,205.2,87.2,77.3,109.9,355.8,425.1,266.1,224.6,105.4,306.3,183.7,240.4,250.2,203.3,149.9,43.9,53.4,304,11.9,351
"ZiebachCounty",246.7,228.3,193.8,327.5,302,214.9,218,185,119.6,137.6,286.1,222.9,382.8,254.8,80,201.6,270.2,254.2,278.9,53.5,276.7,167.5,224.1,146.8,294.4,255.1,108.2,271.1,182.1,285.1,138.5,128.6,311.7,159,127.3,219.8,141.8,265.4,294.6,145,364.3,179.6,305.6,176.1,268.1,112,159.9,269.6,339.8,330.3,162.4,87.1,103.8,297.2,242.4,214.5,192.5,103.3,114.8,185.9,212.7,349,398.9,122,351,22.8
