"County","AllenCounty","AndersonCounty","AtchisonCounty","BarberCounty","BartonCounty","BourbonCounty","BrownCounty","ButlerCounty","ChaseCounty","ChautauquaCounty","CherokeeCounty","CheyenneCounty","ClarkCounty","ClayCounty","CloudCounty","CoffeyCounty","ComancheCounty","CowleyCounty","CrawfordCounty","DecaturCounty","DickinsonCounty","DoniphanCounty","DouglasCounty","EdwardsCounty","ElkCounty","EllisCounty","EllsworthCounty","FinneyCounty","FordCounty","FranklinCounty","GearyCounty","GoveCounty","GrahamCounty","GrantCounty","GrayCounty","GreeleyCounty","GreenwoodCounty","HamiltonCounty","HarperCounty","HarveyCounty","HaskellCounty","HodgemanCounty","JacksonCounty","JeffersonCounty","JewellCounty","JohnsonCounty","KearnyCounty","KingmanCounty","KiowaCounty","LabetteCounty","LaneCounty","LeavenworthCounty","LincolnCounty","LinnCounty","LoganCounty","LyonCounty","McPhersonCounty","MarionCounty","MarshallCounty","MeadeCounty","MiamiCounty","MitchellCounty","MontgomeryCounty","MorrisCounty","MortonCounty","NemahaCounty","NeoshoCounty","NessCounty","NortonCounty","OsageCounty","OsborneCounty","OttawaCounty","PawneeCounty","PhillipsCounty","PottawatomieCounty","PrattCounty","RawlinsCounty","RenoCounty","RepublicCounty","RiceCounty","RileyCounty","RooksCounty","RushCounty","RussellCounty","SalineCounty","ScottCounty","SedgwickCounty","SewardCounty","ShawneeCounty","SheridanCounty","ShermanCounty","SmithCounty","StaffordCounty","StantonCounty","StevensCounty","SumnerCounty","ThomasCounty","TregoCounty","WabaunseeCounty","WallaceCounty","WashingtonCounty","WichitaCounty","WilsonCounty","WoodsonCounty","WyandotteCounty"
"AllenCounty",11.6,29.6,138.5,210,225.5,35.2,172.9,98.3,114.3,99.4,89.1,455.9,283.8,201.2,236.1,46.2,248.9,127.6,67.2,411.2,174.6,168.3,80.6,237.1,81.5,283.2,214.3,330.1,268.8,53.1,164,357.2,339,352.6,305.8,386.8,57,387.3,177.3,131.3,330.3,283.3,135.3,111.9,278.4,89.3,360.1,170.3,230.6,64.2,318.5,115.8,233,54,389.2,83.7,158.4,136.9,199.6,298.6,62.4,262,66.1,136.7,383.3,175.9,35.5,289.9,370.5,77.1,285.7,209.9,246.5,345.7,155.5,199.2,418.9,162.3,258.3,189.7,166,317.4,255.7,259.6,187.1,340,120.4,331.1,104.1,364.7,427.1,306,210.5,378.6,360.2,148.5,387.5,323.5,132.9,421.1,220.6,365.1,46.1,26.6,103.7
"AndersonCounty",29.6,12.4,113.4,247.7,219.9,49.3,136.8,136,99.5,123.7,103.2,459,321.5,185.2,239.3,45.3,286.7,151.9,81.3,414.3,159.8,143.2,55.5,257,105.8,286.3,212,338.1,308.9,28,148,360.3,342.1,372.5,325.7,381.2,76.4,395.2,215,149.4,350.2,281.2,114,86.8,281.5,64.2,368.1,210.4,270.7,81.3,312.9,94.9,236.1,45.9,392.3,68.9,152.7,122.1,183.6,338.7,37.3,265.2,90.4,121.9,423.4,154.6,59.9,284.3,373.6,60.6,288.8,213.1,244.4,348.9,139.4,239.3,422,182.3,261.4,184.1,150,320.5,259.8,262.7,181.4,334.4,158.1,371.2,85.1,367.8,430.3,309.1,230.4,398.5,380.1,186.2,390.6,326.6,116.4,424.3,204.6,359.5,70.4,46.1,78.6
"AtchisonCounty",138.5,113.4,10.7,282.3,242.1,152,32.9,170.6,134.9,211.6,202.2,427,356.1,121.9,160.9,112.2,321.3,212.8,182.5,302.3,142.9,27.1,58.5,293.8,187,254.4,202.2,364,321.3,86.1,116.1,328.3,310.1,400.2,353.3,424.5,153.2,421.1,249.7,184.8,377.8,307.1,39.4,36.4,176.7,68.5,394,245.1,305.4,190.2,352.1,43.3,204.1,129.5,360.3,113.8,200.1,157.6,90.5,373.3,95.7,184.1,193.7,125.3,439.7,61.1,168.8,320.8,273.1,85.1,220.2,181.1,270.4,238.9,89.3,274,390.1,217.7,147.5,228.2,99.3,288.6,266.3,230.7,168.7,385.5,192.7,405.5,58.2,335.9,398.3,209.8,264.7,426.2,407.8,220.8,358.6,294.7,98.2,392.3,118.8,410.6,169.4,136,61.5
"BarberCounty",210,247.7,282.3,17.3,90.1,238.6,298.6,117.6,164.8,149.4,243.4,321,82.2,213.9,200,217.5,47.4,102.6,242.5,276.4,189.3,300.6,254.4,89.8,150.8,148.4,124,164.4,104.2,231.2,205.3,222.3,204.2,184.7,142.6,247.1,165.1,221.5,37,119.6,160.7,132.4,261,254.8,206.6,270.1,194.4,62.1,65.7,230.1,185.3,286.9,153.4,257.4,254.3,181.1,119.2,153.1,283.4,116.9,261,182.9,191.5,193.2,201.6,301.6,211.7,154.4,235.7,213.1,170.9,173.8,99.3,210.9,254.2,35.1,284.1,82.5,222.2,104.4,228.1,182.6,120.2,129.9,150.9,200.3,88.5,149.4,229.8,229.9,292.3,196.7,63.3,210.7,178.5,73.3,252.6,188.7,233.4,286.3,245.8,225.5,185.4,184.5,282.4
"BartonCounty",225.5,219.9,242.1,90.1,15.4,254.2,252.1,140.4,128.1,210.6,286.8,231.8,136.2,137.4,123.5,189.7,104.4,163.9,267.4,187.2,119.6,260.4,220.2,59.4,194,59.2,41.6,129.6,87,203.4,128.9,133.1,115,165.8,118.9,176.3,180.6,186.7,117.5,105.3,143.4,72.8,214.4,214.5,124.3,255.2,159.6,96.4,86.7,255,108,256.8,71.1,265.5,165.2,153.3,67.9,101.2,206.9,137.3,233.2,100.5,237.3,142.1,205.4,218.4,236.7,79.3,146.5,186.1,81.7,97.3,36,121.7,177.7,56.1,194.9,72.2,145.7,36.1,151.7,93.4,36.7,40.8,84.9,129.5,118.9,171.1,188.2,140.7,203.1,107.6,30.3,191.8,173.4,152.8,163.5,99.5,168.4,197.1,169.3,154.6,210.3,200,248.2
"BourbonCounty",35.2,49.3,152,238.6,254.2,13,189.4,126.9,144.3,132.6,60.6,484.5,312.4,230,264.8,75.9,277.6,160.7,40.9,439.8,204.6,162.5,100.3,265.7,114.6,311.9,242.9,358.8,297.4,72.8,192.8,385.8,367.6,381.3,334.4,415.4,85.6,415.9,205.9,160,358.9,311.9,158.8,135.5,307,84.7,388.8,198.9,259.2,71.6,347.1,119.4,261.6,34,417.8,113.7,187,166.9,228.4,327.2,62.5,290.7,99.3,166.7,411.9,199.4,51,318.5,399.1,105.4,314.3,238.6,275.1,374.4,184.3,227.8,447.5,191,287,218.3,194.8,346,284.3,288.2,215.7,368.6,149,359.7,129.9,393.3,455.8,334.6,239.1,407.3,388.9,177.1,416.1,352.1,161.2,449.8,249.4,393.7,79.2,55.3,95.3
"BrownCounty",172.9,136.8,32.9,298.6,252.1,189.4,12.3,186.9,151.2,227.9,239.6,336.2,372.4,118,136.4,127.9,337.6,229.1,219.9,270.6,152.9,27.3,81.9,303.8,203.3,264.4,212.2,374,331.3,109.5,126.1,338.3,260.8,410.2,363.3,434.5,169.5,431.1,266,201.1,387.8,317.1,42.3,59.8,145,105.9,404,261.4,321.6,223.2,362.1,73.8,214.1,166.8,370.3,130.1,210.1,173.9,58.8,381.6,133,170.6,209.4,141.6,449.7,29.4,193.6,330.8,241.4,100.8,204.4,162.6,280.4,207.2,89.3,290.3,302.1,246.1,115.8,238.2,99.3,235.1,276.3,240.7,178.7,395.5,209,415.5,68.2,287.7,408.3,178.1,274.7,436.2,417.8,237.1,368.6,304.7,108.2,402.3,87.1,420.6,185.1,151.7,98.9
"ButlerCounty",98.3,136,170.6,117.6,140.4,126.9,186.9,19.6,53.1,89.7,158,371.6,191.4,131.6,151.9,105.8,156.6,43.7,138.6,326.9,93,188.9,142.7,148.7,65.1,199,129.1,241.7,178.8,119.5,99.1,272.9,254.7,260.6,217.3,301.6,53.3,298.8,84.9,47.1,238.2,194.9,149.3,143.1,194.1,158.4,271.7,80.3,140.6,126.2,233.3,175.2,148.7,145.7,304.9,69.4,74.1,53.3,177.2,208.6,149.2,177.8,108.5,87.8,293.3,189.9,107.8,204.7,286.3,101.3,201.4,125.7,158.1,261.5,139.1,109.3,334.6,73.9,174.1,104.6,121.9,233.1,170.5,175.3,102.8,254.9,28,241.1,118.1,280.5,342.9,221.7,122.1,286.6,268.2,56.1,303.2,239.3,121.7,336.9,163.4,280,81.5,72.8,170.7
"ChaseCounty",114.3,99.5,134.9,164.8,128.1,144.3,151.2,53.1,14.4,126.8,193.1,358.4,238.6,106.5,138.6,69.3,203.7,95.2,172.7,313.7,68,153.2,107,164.2,102.3,185.7,120.2,246.3,200.9,83,69.3,259.7,241.5,279.8,232.9,289.4,72.3,303.4,132.1,56.6,257.4,189.4,113.6,107.4,180.9,121.9,276.3,127.5,168.5,161.3,221.1,139.5,135.5,145.1,291.7,32.9,60.9,30.3,130.7,236.5,112.7,164.6,143.6,42.4,319.3,154.2,135,192.5,273,65.7,188.2,112.4,152.6,248.3,93.7,137.1,321.4,89.5,160.8,92.3,77.2,219.9,168,162.1,89.6,242.6,75.1,269,82.4,267.2,329.7,208.5,137.6,305.8,287.4,103.3,290,226,67.1,323.6,133.5,267.7,116.6,93.1,135
"ChautauquaCounty",99.4,123.7,211.6,149.4,210.6,132.6,227.9,89.7,126.8,13.1,95.7,446,223.2,207.8,226.3,108.4,188.4,48.8,106.1,401.4,169.2,229.8,176.9,218.9,28.7,273.4,199.4,302.3,242.1,149.1,175.4,347.4,329.2,323.8,280.4,371.9,64.3,359.4,117.4,121.6,301.5,265.1,190.2,184,268.6,188.1,332.3,133.1,203.9,67.7,303.6,216.1,223.2,151.4,379.4,103.3,148.6,129.6,224.1,257.9,156.6,252.3,43.7,153,346,230.8,80.6,275,360.7,139.4,275.9,200.1,228.3,335.9,180,172.5,409.1,144.1,248.5,174.8,198.2,307.6,240.8,249.8,177.3,325.1,94.8,294.1,159.1,354.9,417.3,296.2,192.3,349.8,322.9,76.5,377.7,313.7,155.2,411.3,239.6,350.2,67.2,83.7,202.5
"CherokeeCounty",89.1,103.2,202.2,243.4,286.8,60.6,239.6,158,193.1,95.7,12.5,522.3,317.2,281.3,302.5,126.2,282.4,142.9,28.1,477.6,237.6,212.6,154.2,295.1,103.9,349.6,275.6,388.2,323.1,126.7,244.1,423.6,405.4,404.8,363.8,448.1,130.6,445.3,211.5,197.8,382.5,341.3,212.7,185.7,344.8,134.9,418.2,224.6,284.9,32.9,379.8,165.3,299.4,89.4,455.6,163.8,224.8,197.9,293.2,352.9,118,328.5,63,216.8,437.6,263.8,62.9,351.2,436.9,157.2,352.1,276.3,304.5,412.1,235.5,253.5,485.3,220.3,324.7,251,246.1,383.8,317,326,253.5,401.3,171.7,385.4,183.8,431.1,493.5,372.4,268.5,430.8,412.4,170.5,453.9,389.9,213,487.5,300.6,426.4,80.6,101.6,145.5
"CheyenneCounty",455.9,459,427,321,231.8,484.5,336.2,371.6,358.4,446,522.3,16.4,276.3,322.4,237.5,429.9,293.5,399.3,502.9,74.1,304.5,358.4,405.1,249.4,429.4,172.7,242.9,171.7,230.7,431.6,313.8,115.9,136.2,178.3,216.4,93.3,410.9,122.4,354.9,335.7,206.1,207.8,399.4,399.4,191.3,440.1,149.2,327.5,274,490.4,152.1,437.5,248.9,485,95.4,383.6,301.3,331.5,285.9,246.9,452.7,208.5,472.7,338,199.6,313.6,472.1,174.9,103.6,402.9,190.3,282.2,228.7,129.1,362.6,287,36.8,303.3,222.7,269,336.6,162.1,198.6,205.5,269.8,137.2,357.3,238.6,373.1,103.2,30.9,162.3,261.2,155.6,204.9,388.6,69.5,148.8,353.4,61,257.6,115,445.7,430.4,433.1
"ClarkCounty",283.8,321.5,356.1,82.2,136.2,312.4,372.4,191.4,238.6,223.2,317.2,276.3,16.1,268.8,254.9,291.3,36.8,176.4,316.3,240,250.9,374.4,328.2,89.3,224.6,152.4,170.1,105.7,57.5,305,260.3,161.2,169.8,110.3,72.7,188.4,238.9,162.8,110.8,172.6,86.4,82.7,334.8,328.6,252.7,343.9,135.7,129.1,63.2,303.9,126.6,360.7,199.5,331.2,209.6,254.9,174.1,207.3,338.3,42.6,334.8,228.9,265.3,254,127.3,349.7,285.5,111,201.4,286.9,223.3,228.7,110,214.9,309.1,90,239.3,137.4,277.1,159.3,283,186.6,126.7,182.3,205.8,141.6,162.3,75.1,303.6,193.5,247.6,243,118.2,136.4,104.2,147.1,207.9,141.7,299.8,218,300.7,166.7,259.2,258.3,356.2
"ClayCounty",201.2,185.2,121.9,213.9,137.4,230,118,131.6,106.5,207.8,281.3,322.4,268.8,13.2,42.7,156.1,237.1,173.1,259.5,202.9,49.9,140.2,131.3,189.1,183.3,149.7,97.5,259.4,216.7,157.8,37.7,223.7,162.3,295.5,248.7,319.9,158.8,316.5,185.2,109.4,273.2,202.5,88.3,125.6,84.9,166.3,289.4,166.4,210.5,251.4,247.4,163.7,84.3,211.2,255.7,118.1,95.5,85.5,67.7,267,178.9,68.6,226.6,83,335.1,93.9,221.9,216.1,173.8,129.1,104.7,49.2,165.7,139.6,65.6,179.1,234.4,131.4,64.8,123.6,33.7,135.4,161.6,126.1,64,280.8,131.1,300.8,99.3,191.8,293.6,112.5,160,321.5,303.1,162.4,254,190,79.6,287.6,34.5,305.9,199.6,179.9,159.3
"CloudCounty",236.1,239.3,160.9,200,123.5,264.8,136.4,151.9,138.6,226.3,302.5,237.5,254.9,42.7,13.8,210.2,223.1,179.6,283.1,171.9,84.8,158.5,185.4,175.2,209.7,135.8,83.6,245.4,202.8,211.9,94.1,209.8,137.8,281.6,234.8,306,191.2,302.5,179.9,115.9,259.3,188.6,124.6,179.7,46.4,220.4,275.4,152.5,196.6,270.7,233.5,217.8,66.2,265.3,241.8,163.8,81.6,111.7,86.1,253.1,233,44.1,253,118.3,321.2,113.8,252.4,202.2,142.7,183.2,80.2,26.9,151.8,108.5,101.9,165.2,203.4,117.5,22.9,109.7,70,111,147.7,112.2,50.1,266.9,137.6,286.9,153.4,167.4,279.7,79.4,146.1,307.6,289.2,168.9,240.1,176.1,133.6,273.7,53.2,292,226,210.6,213.4
"CoffeyCounty",46.2,45.3,112.2,217.5,189.7,75.9,127.9,105.8,69.3,108.4,126.2,429.9,291.3,156.1,210.2,13.2,256.4,129.9,104.5,385.3,129.5,130.4,69.6,226.8,83.9,257.3,181.8,307.8,278.7,41.8,119,331.2,313.1,342.3,295.4,350.9,55.5,364.9,184.8,119.1,319.9,250.9,90.2,84.6,252.5,80.8,337.8,180.2,240.5,96.4,282.6,107.2,207,84.5,363.3,38.6,122.4,91.9,154.5,308.5,71.6,236.1,82.6,91.6,393.2,130.8,66.8,254,344.6,32,259.8,184,214.2,319.8,110.4,209.1,393,152,232.4,153.9,121,291.5,229.6,233.6,151.2,304.2,127.8,341,59.1,338.8,401.2,280,200.2,368.3,349.9,156,361.6,297.6,87.9,395.2,175.5,329.3,58.3,24.9,95.2
"ComancheCounty",248.9,286.7,321.3,47.4,104.4,277.6,337.6,156.6,203.7,188.4,282.4,293.5,36.8,237.1,223.1,256.4,14.5,141.6,281.5,248.8,219.2,339.6,293.4,57.5,189.7,120.6,138.3,122.8,62.6,270.1,228.5,178.3,176.6,139.2,100.9,205.5,204,179.9,76,140.9,115.3,90.7,300,293.7,221,309.1,152.8,101.1,31.4,269,143.7,325.9,167.8,296.4,226.8,220.1,142.3,175.6,306.5,71.5,299.9,197.2,230.4,222.3,156.2,318,250.7,119,208.1,252,191.5,196.9,78.2,183.1,277.3,58.2,256.5,105.7,245.3,127.6,251.3,154.8,95,150.6,174.1,158.7,127.4,104,268.8,202.3,264.8,211.3,86.4,165.2,133.1,112.2,225.1,149.6,268.1,235,268.9,183.8,224.3,223.4,321.4
"CowleyCounty",127.6,151.9,212.8,102.6,163.9,160.7,229.1,43.7,95.2,48.8,142.9,399.3,176.4,173.1,179.6,129.9,141.6,17.3,152,354.6,135.2,231.1,184.9,172.1,50.2,226.6,152.6,255.5,195.3,161.6,141.3,300.6,282.4,277,233.6,325.1,85.8,312.6,69.9,74.8,254.7,218.3,191.5,185.3,221.8,200.6,285.5,86.3,157.1,112.8,256.8,217.4,176.4,179.5,332.6,111.6,101.8,95.5,219.4,211.1,191.4,205.5,90.9,130,295.8,232.1,121.2,228.2,313.9,143.5,229.1,153.4,181.5,289.2,181.3,125.7,362.3,97.3,201.7,128,164.1,260.8,194,203,130.5,278.3,48,243.6,160.3,308.1,370.6,249.4,145.5,303,272.7,29.7,330.9,266.9,163.9,364.5,205,303.4,94.8,105.3,212.9
"CrawfordCounty",67.2,81.3,182.5,242.5,267.4,40.9,219.9,138.6,172.7,106.1,28.1,502.9,316.3,259.5,283.1,104.5,281.5,152,12.6,458.2,218.2,193,132.3,275.7,105.9,330.2,256.2,368.8,303.7,104.8,222.4,404.2,386,385.4,344.4,428.7,110.2,425.9,209.8,178.4,363.1,321.9,190.8,166,325.4,115.2,398.8,205.2,265.5,44.6,360.4,145.6,280,69.8,436.2,142.1,205.4,178.5,258,333.5,98.3,309.1,72.8,195.1,418.2,231.4,41.2,331.8,417.5,135.5,332.7,256.9,285.1,392.8,213.8,234.1,465.9,200.9,305.3,231.6,224.4,364.4,297.6,306.6,234.1,381.9,152.3,366,161.9,411.7,474.1,353,249.1,411.4,393,181,434.5,370.5,191.3,468.1,279,407,58.9,79.8,125.8
"DecaturCounty",411.2,414.3,302.3,276.4,187.2,439.8,270.6,326.9,313.7,401.4,477.6,74.1,240,202.9,171.9,385.3,248.8,354.6,458.2,15.4,259.8,292.7,360.4,204.8,384.7,128.1,198.3,153.4,186,387,269.2,75.2,71.2,204,175.7,153.8,366.3,183,310.3,291,187.8,163.2,282.2,354.8,125.6,395.4,175,282.9,229.3,445.8,111.5,392.9,168.5,440.4,89.6,338.9,256.6,286.8,220.3,206.2,408.1,142.9,428.1,293.3,254.6,248,427.5,130.3,37.9,358.2,124.6,187.2,184.1,63.4,260.4,242.4,40,258.7,157.1,224.3,230.3,96.5,154,160.8,225.2,119,312.6,220.4,328.5,47.8,102.3,96.7,216.6,216.2,222.7,344,65.1,104.2,308.7,121.6,192,138.3,401.1,385.7,388.4
"DickinsonCounty",174.6,159.8,142.9,189.3,119.6,204.6,152.9,93,68,169.2,237.6,304.5,250.9,49.9,84.8,129.5,219.2,135.2,218.2,259.8,15,161.2,121,171.2,144.7,131.8,79.6,241.5,198.8,124.9,29.7,205.8,187.6,277.6,230.8,302,128.9,298.6,156.6,80.9,255.3,184.6,115.3,115.3,127,156,271.5,148.5,192.6,205.8,229.5,153.5,81.6,200.9,237.8,93.2,77.6,54.3,107.8,249.1,168.6,110.7,188,44.4,317.2,119.2,187.4,198.3,219.1,92,134.3,58.5,147.8,194.4,78.6,161.2,267.5,113.5,106.9,105.7,52.5,166,143.7,108.2,46.1,262.9,102.5,282.9,89,213.3,275.8,154.6,142.1,303.6,285.3,133.8,236.1,172.1,69.3,269.8,81.8,288,161,153.4,149
"DoniphanCounty",168.3,143.2,27.1,300.6,260.4,162.5,27.3,188.9,153.2,229.8,212.6,358.4,374.4,140.2,158.5,130.4,339.6,231.1,193,292.7,161.2,10.3,76.1,312,205.3,272.6,220.4,382.3,339.6,118.3,134.3,346.6,283,418.4,371.6,442.8,171.5,439.4,267.9,203.1,396.1,325.4,65.7,54,167.2,79,412.3,263.3,323.6,219.9,370.3,57.2,222.4,139.9,378.6,132.1,218.4,175.8,81,391.6,106.1,192.8,229.1,143.6,458,51.5,198.6,339.1,263.6,103.4,226.6,199.4,288.6,229.4,111.5,292.2,324.2,235.9,137.9,246.5,121.5,257.3,284.5,249,186.9,403.7,211,423.7,76.5,354.1,416.6,200.3,283,444.5,426,239.1,376.9,312.9,116.5,410.5,109.3,428.8,187.7,154.3,72
"DouglasCounty",80.6,55.5,58.5,254.4,220.2,100.3,81.9,142.7,107,176.9,154.2,405.1,328.2,131.3,185.4,69.6,293.4,184.9,132.3,360.4,121,76.1,11.2,271.8,152.3,232.4,180.2,342.1,299.4,28.1,94.1,306.4,288.2,378.3,331.4,402.6,121.2,399.2,221.7,156.9,355.9,285.2,60.1,31.9,227.6,31.1,372.1,217.1,277.4,132.3,330.1,41.8,182.2,81.5,338.4,80.1,178.2,129.6,129.7,345.4,49.2,211.3,141.4,97.4,417.8,100.7,110.9,298.9,319.8,45.3,234.9,159.2,248.4,295,85.6,246,368.1,189.8,207.6,206.3,96.1,266.6,244.3,208.8,146.7,363.5,164.8,377.9,31.2,313.9,376.4,255.2,242.8,404.3,385.9,192.9,336.7,272.8,76.3,370.4,150.7,388.6,121.4,93.4,37.4
"EdwardsCounty",237.1,257,293.8,89.8,59.4,265.7,303.8,148.7,164.2,218.9,295.1,249.4,89.3,189.1,175.2,226.8,57.5,172.1,275.7,204.8,171.2,312,271.8,12.8,202.2,76.6,93.3,96.7,40.3,240.5,180.6,150.7,132.6,119.2,72.3,179.4,192.2,153.8,117.3,110.1,96.8,52.9,266.1,266.2,175.9,279.4,126.7,95,38,263.3,113.7,304.3,122.7,284.5,182.7,190.4,111.5,144.7,258.6,90.6,270.3,152.2,245.6,191.4,158.8,270,244.9,85.1,164.1,223.2,140.2,149,34.2,139.1,229.4,55.9,212.5,74.8,197.4,84,203.3,110.8,50.9,99.2,143.3,132.7,127.2,124.5,239.9,158.3,220.7,167.2,41.1,145.2,126.8,161.1,181.1,117.1,220.1,214.7,221,157.8,218.6,211.6,299.8
"ElkCounty",81.5,105.8,187,150.8,194,114.6,203.3,65.1,102.3,28.7,103.9,429.4,224.6,183.3,209.7,83.9,189.7,50.2,105.9,384.7,144.7,205.3,152.3,202.2,13.1,256.8,182.7,295.3,230.2,124.6,150.8,330.7,312.5,312,270.9,355.2,39.8,352.4,118.1,104.9,289.6,248.4,165.7,159.5,251.9,163.5,325.3,131.7,192,75.3,286.9,191.6,206.5,133.4,362.7,78.8,131.9,105,199.6,260,138.6,235.6,52.6,128.5,344.7,206.3,75.1,258.3,344.1,114.8,259.2,183.5,211.6,319.3,155.5,160.6,392.5,127.5,231.9,158.1,173.6,291,224.1,233.1,160.6,308.4,78.8,292.5,134.5,338.3,400.7,279.5,175.6,338,319.6,77.8,361,297.1,130.6,394.7,215.1,333.5,48.8,59.2,177.9
"EllisCounty",283.2,286.3,254.4,148.4,59.2,311.9,264.4,199,185.7,273.4,349.6,172.7,152.4,149.7,135.8,257.3,120.6,226.6,330.2,128.1,131.8,272.6,232.4,76.6,256.8,15.4,70.3,138.4,103.2,259,141.2,74,55.9,182,135.1,170.2,238.3,199.4,182.3,163,159.6,81.6,226.7,226.8,119.7,267.5,168.4,154.9,101.1,317.8,97.8,269.1,76.2,312.4,106,210.9,128.6,158.8,219.2,153.4,280.1,109.8,300.1,165.4,221.6,230.6,299.5,66.5,87.4,230.3,73.8,109.6,55.9,62.6,190,114.4,135.8,130.7,158,96.4,164,34.3,25.8,32.9,97.2,131.2,184.6,187.3,200.5,81.6,144,90.8,88.6,208,189.6,216,104.4,40.4,180.7,138,181.6,156.3,273.1,257.7,260.4
"EllsworthCounty",214.3,212,202.2,124,41.6,242.9,212.2,129.1,120.2,199.4,275.6,242.9,170.1,97.5,83.6,181.8,138.3,152.6,256.2,198.3,79.6,220.4,180.2,93.3,182.7,70.3,13.8,163.5,120.8,206.8,89,144.2,126.1,199.7,152.8,205.3,169.3,220.6,112.5,94.1,177.3,106.6,174.5,174.6,84.4,215.3,193.5,85.1,120.6,243.8,137,212.7,31.1,260.2,176.2,145.4,56.6,93.3,167,171.1,227.9,60.6,226.1,113.2,239.3,178.4,225.4,108.4,157.6,178,72.8,57.4,69.9,132.8,137.8,90,206,61,105.8,26.6,111.8,104.5,65.8,46.6,45,158.6,107.6,205,148.3,151.8,214.2,98.6,64.2,225.7,207.3,141.5,174.6,110.6,128.5,208.2,129.4,183.7,199,188.8,208.2
"FinneyCounty",330.1,338.1,364,164.4,129.6,358.8,374,241.7,246.3,302.3,388.2,171.7,105.7,259.4,245.4,307.8,122.8,255.5,368.8,153.4,241.5,382.3,342.1,96.7,295.3,138.4,163.5,18.6,60.8,321.5,250.8,90.5,144.8,54.4,45.8,82.9,285.2,57.3,193,203.1,34.6,58.3,336.4,336.4,246.2,377.1,30.2,169.1,103.3,356.3,55.9,374.5,193,377.6,100.6,271.5,186,219.3,328.9,76.3,351.3,222.4,338.6,264,101.4,340.3,338,86.6,172.3,304.2,209.3,219.2,96,197.8,299.6,130,134.8,167.9,267.6,154.3,273.6,172.6,112.8,168.4,206.8,36.1,206,67.1,310.1,120.4,143,228.7,133.1,75.6,69.4,225.2,103.3,116.7,290.4,112.5,291.3,61.3,311.6,304.6,370.1
"FordCounty",268.8,308.9,321.3,104.2,87,297.4,331.3,178.8,200.9,242.1,323.1,230.7,57.5,216.7,202.8,278.7,62.6,195.3,303.7,186,198.8,339.6,299.4,40.3,230.2,103.2,120.8,60.8,17.1,292.4,208.1,116.3,115.8,82.4,39,143.5,223.9,117.9,132.8,146.7,60,28.8,293.7,293.8,203.5,331.3,90.8,108.9,43.1,291.3,81.7,331.9,150.3,316.2,164,242.3,148.1,181.4,286.2,53.8,322.1,179.7,273.6,228.1,121.9,297.6,272.9,57,147.4,274.3,174,176.6,60.8,165.7,257,69.9,193.8,111.5,225,111.6,230.9,137.4,77.5,133.1,164.1,96.7,145.9,87.6,267.4,139.6,202,193.8,77.8,108.4,90,165.1,162.3,87.7,247.7,173.1,248.6,121.8,246.6,243.3,327.4
"FranklinCounty",53.1,28,86.1,231.2,203.4,72.8,109.5,119.5,83,149.1,126.7,431.6,305,157.8,211.9,41.8,270.1,161.6,104.8,387,124.9,118.3,28.1,240.5,124.6,259,206.8,321.5,292.4,12.4,120.7,332.9,314.8,356,309.1,364.6,93.4,378.6,198.5,132.8,333.6,264.6,86.6,59.5,254.2,39.3,351.5,193.9,254.2,104.8,296.3,70,208.7,62.5,364.9,52.3,136.1,105.6,156.2,322.1,30.2,237.8,114,88.9,406.9,127.2,83.4,267.7,346.3,33.2,261.5,185.7,227.9,321.5,112.1,222.8,394.7,165.7,234.1,167.6,122.6,293.2,243.3,235.3,164.9,317.9,141.5,354.7,57.7,340.5,402.9,281.7,213.9,382,363.6,169.7,363.3,299.3,89.1,396.9,177.2,343,93.9,65.6,53.7
"GearyCounty",164,148,116.1,205.3,128.9,192.8,126.1,99.1,69.3,175.4,244.1,313.8,260.3,37.7,94.1,119,228.5,141.3,222.4,269.2,29.7,134.3,94.1,180.6,150.8,141.2,89,250.8,208.1,120.7,10.3,215.1,197,287,240.1,311.3,121.6,307.9,170.9,95.1,264.6,193.9,88.4,88.5,136.4,129.1,280.8,157.9,202,214.3,238.9,130.8,90.9,174.1,247.1,81,86.9,60.5,80.9,258.4,141.8,120,200.5,50.5,326.5,92.3,184.7,207.6,228.5,91.9,143.7,67.9,157.2,203.7,51.7,170.6,276.9,122.9,116.3,115,25.6,175.4,153.1,117.5,55.5,272.3,116.7,292.3,62.2,222.7,285.1,163.9,151.5,313,294.6,149.4,245.4,181.5,42.4,279.1,69.5,297.4,176.2,142.8,122.1
"GoveCounty",357.2,360.3,328.3,222.3,133.1,385.8,338.3,272.9,259.7,347.4,423.6,115.9,161.2,223.7,209.8,331.2,178.3,300.6,404.2,75.2,205.8,346.6,306.4,150.7,330.7,74,144.2,90.5,116.3,332.9,215.1,16.8,67.6,142.5,101.3,104.2,312.2,133.3,256.2,237,121.6,97.3,300.7,300.8,170.2,341.4,116.7,228.8,158.8,391.8,37,338.9,150.2,386.3,49.2,284.9,202.6,232.8,293.2,131.8,354,159.3,374,239.3,188.4,304.6,373.4,68.2,84.8,304.2,147.7,183.6,130,112.4,264,188.4,78.9,204.6,231.9,170.3,237.9,108.2,99.9,106.8,171.1,57.4,258.6,154.1,274.4,28.7,87.2,141.2,162.6,163.6,156.4,289.9,47.5,50.1,254.7,81.2,255.6,82.5,347,331.7,334.4
"GrahamCounty",339,342.1,310.1,204.2,115,367.6,260.8,254.7,241.5,329.2,405.4,136.2,169.8,162.3,137.8,313.1,176.6,282.4,386,71.2,187.6,283,288.2,132.6,312.5,55.9,126.1,144.8,115.8,314.8,197,67.6,15.4,194.7,144.2,163.8,294.1,193,238.1,218.8,172.3,93,282.5,282.6,115.8,323.2,174.8,210.7,157.1,373.6,91.4,320.7,104.9,368.2,99.6,266.7,184.4,214.6,210.5,166.1,335.9,102.2,355.9,221.1,234.3,238.2,355.3,60.1,34.5,286,76.1,165.4,111.9,58.7,245.8,170.2,94.9,186.5,147.3,152.1,219.7,43.3,81.8,88.6,153,124.8,240.4,200,256.3,33.2,107.5,86.9,144.4,226.2,202.3,271.8,70.4,34,236.5,131.6,181.1,149.9,328.9,313.5,316.2
"GrantCounty",352.6,372.5,400.2,184.7,165.8,381.3,410.2,260.6,279.8,323.8,404.8,178.3,110.3,295.5,281.6,342.3,139.2,277,385.4,204,277.6,418.4,378.3,119.2,312,182,199.7,54.4,82.4,356,287,142.5,194.7,12.3,66.1,88,307.7,58.5,213.3,225.6,27.7,107.6,372.5,372.6,282.4,395,36.8,190.7,124.8,373,109.3,410.7,229.1,400,126.7,305.9,227,260.2,365,72.6,385.8,258.6,355.3,307,59.1,376.4,354.7,135.8,222.9,338.7,252.9,255.4,139.6,248.4,335.8,151.6,179.9,190.4,303.8,190.4,309.8,216.2,156.3,212,243,86.7,227.6,58.4,346.3,170.9,149.6,272.7,156.6,26.4,31.8,246.8,153.9,166.5,326.5,117.6,327.4,73.3,328.3,327.1,406.2
"GrayCounty",305.8,325.7,353.3,142.6,118.9,334.4,363.3,217.3,232.9,280.4,363.8,216.4,72.7,248.7,234.8,295.4,100.9,233.6,344.4,175.7,230.8,371.6,331.4,72.3,270.9,135.1,152.8,45.8,39,309.1,240.1,101.3,144.2,66.1,15.2,128.5,260.8,102.9,171.2,178.7,43.7,57.1,325.7,325.8,235.5,348.1,75.8,147.3,81.4,332,66.7,363.9,182.3,353.2,149.7,259.1,180.1,213.4,318.2,40,338.9,211.7,314.2,260.1,105.7,329.6,313.6,85.4,175.7,291.8,206,208.6,92.7,200,289,108.2,179.4,143.5,256.9,143.6,262.9,169.3,109.5,165.1,196.1,81.7,184.2,71.4,299.4,129.2,187.7,228.1,109.7,92.1,73.7,203.4,148,116.1,279.7,158.1,280.6,106.8,287.2,280.3,359.4
"GreeleyCounty",386.8,381.2,424.5,247.1,176.3,415.4,434.5,301.6,289.4,371.9,448.1,93.3,188.4,319.9,306,350.9,205.5,325.1,428.7,153.8,302,442.8,402.6,179.4,355.2,170.2,205.3,82.9,143.5,364.6,311.3,104.2,163.8,88,128.5,14.4,341.8,32.1,275.7,266.6,117.3,131,396.9,397,259,437.6,58.9,251.8,186,416.3,74.7,435.1,246.4,482.5,78.1,314.6,229.1,262.5,389.4,159,450.2,255.4,398.5,335.5,109.3,400.8,397.9,108.5,172.7,400.4,243.9,279.8,161.3,198.2,360.1,212.8,129.7,233.4,328.1,197.4,334.1,204.4,139.7,203,267.3,46.9,280.1,144,370.6,124.9,64.6,230,191.6,65.3,114.6,314,100.8,134.4,350.9,32.5,351.8,24.7,371.5,361.3,430.6
"GreenwoodCounty",57,76.4,153.2,165.1,180.6,85.6,169.5,53.3,72.3,64.3,130.6,410.9,238.9,158.8,191.2,55.5,204,85.8,110.2,366.3,128.9,171.5,121.2,192.2,39.8,238.3,169.3,285.2,223.9,93.4,121.6,312.2,294.1,307.7,260.8,341.8,17.5,342.3,132.4,86.4,285.3,238.3,131.9,125.7,233.5,132.4,315.2,125.4,185.7,98.8,273.5,157.8,188,104.4,344.2,45,113.4,89.3,165.8,253.6,109.3,217.1,81.1,94.7,338.4,172.5,72.5,244.9,325.6,83.7,240.8,165,201.6,300.8,121.7,154.3,374,117.4,213.4,144.8,129.5,272.5,210.7,214.6,142.2,295.1,75.4,286.2,100.7,319.8,382.2,261,165.6,333.7,315.3,103.6,342.6,278.6,96.8,376.2,186.8,320.2,54.1,31.5,146.8
"HamiltonCounty",387.3,395.2,421.1,221.5,186.7,415.9,431.1,298.8,303.4,359.4,445.3,122.4,162.8,316.5,302.5,364.9,179.9,312.6,425.9,183,298.6,439.4,399.2,153.8,352.4,199.4,220.6,57.3,117.9,378.6,307.9,133.3,193,58.5,102.9,32.1,342.3,16.3,250.1,260.2,85.9,115.4,393.5,393.5,288.1,434.2,39.7,226.2,160.4,413.4,103.8,431.6,275.5,434.7,107.2,328.6,243.1,276.5,386,130.7,408.4,284.6,395.7,321.1,79.8,397.4,395.1,137.6,201.8,361.3,273.1,276.3,153.1,227.3,356.7,187.1,158.9,225,324.7,211.4,330.7,233.6,168.8,232.1,263.9,76,263.1,114.5,367.2,154.1,93.7,259.1,190.2,35.8,85.1,282.3,129.9,163.5,347.5,61.7,348.4,53.9,368.7,361.8,427.2
"HarperCounty",177.3,215,249.7,37,117.5,205.9,266,84.9,132.1,117.4,211.5,354.9,110.8,185.2,179.9,184.8,76,69.9,209.8,310.3,156.6,267.9,221.7,117.3,118.1,182.3,112.5,193,132.8,198.5,170.9,256.2,238.1,213.3,171.2,275.7,132.4,250.1,14.6,86.9,189.3,161,228.3,222.1,196.4,237.4,223,29.5,93.1,183.5,213.9,258.4,143.1,224.7,288.2,148.4,99.1,120.4,248.9,145.5,228.3,172.6,159.5,160.6,230.3,268.9,179.1,181.8,269.6,180.4,184.8,153.7,126.7,244.8,219.7,62.5,318,66.1,202.1,87.9,193.6,216.5,147.6,158.6,130.9,229,55.8,178.1,197.2,263.8,326.2,210.6,90.7,239.3,207.1,40.6,286.6,222.6,200.8,320.2,217.1,254.1,152.7,151.8,249.7
"HarveyCounty",131.3,149.4,184.8,119.6,105.3,160,201.1,47.1,56.6,121.6,197.8,335.7,172.6,109.4,115.9,119.1,140.9,74.8,178.4,291,80.9,203.1,156.9,110.1,104.9,163,94.1,203.1,146.7,132.8,95.1,237,218.8,225.6,178.7,266.6,86.4,260.2,86.9,12,203.2,156.2,163.5,157.2,158.2,171.8,233.1,78.5,114.3,165.9,198.3,189.4,112.8,194.9,269,82.8,38.2,44.6,173.1,182.3,162.6,141.9,148.2,84.8,265.1,184.6,147.6,169.7,250.3,115.5,165.5,89.7,119.5,225.6,143.9,83,298.7,35.3,138.1,69.5,117.9,197.2,135.5,139.4,66.9,219.8,32.8,214.9,132.3,244.5,307,185.8,83.5,251.6,233.2,64.1,267.3,203.3,115.6,300.9,141.4,244.9,121.2,105.8,184.9
"HaskellCounty",330.3,350.2,377.8,160.7,143.4,358.9,387.8,238.2,257.4,301.5,382.5,206.1,86.4,273.2,259.3,319.9,115.3,254.7,363.1,187.8,255.3,396.1,355.9,96.8,289.6,159.6,177.3,34.6,60,333.6,264.6,121.6,172.3,27.7,43.7,117.3,285.3,85.9,189.3,203.2,12.4,85.2,350.2,350.3,260,372.6,64.6,168.3,102.5,350.6,87,388.4,206.8,377.7,135,283.6,204.6,237.9,342.7,48.6,363.4,236.2,332.9,284.6,68.7,354.1,332.3,113.5,203.8,316.3,230.5,233.1,117.2,222.2,313.5,129.3,169.1,168,281.4,168.1,287.4,193.8,134,189.6,220.6,70.5,205.2,34.4,323.9,149.5,177.4,250.3,134.2,53.8,36.8,224.4,137.7,144.2,304.2,146.8,305.1,95.6,305.9,304.8,383.9
"HodgemanCounty",283.3,281.2,307.1,132.4,72.8,311.9,317.1,194.9,189.4,265.1,341.3,207.8,82.7,202.5,188.6,250.9,90.7,218.3,321.9,163.2,184.6,325.4,285.2,52.9,248.4,81.6,106.6,58.3,28.8,264.6,193.9,97.3,93,107.6,57.1,131,238.3,115.4,161,156.2,85.2,15.1,279.5,279.6,189.3,320.2,88.3,137.1,71.2,309.5,62.7,317.7,136.1,326.7,141.1,214.6,129.1,162.5,272,79,294.4,165.5,291.8,207.1,147.2,283.4,291.1,34.1,124.5,247.3,152.4,162.4,39.2,144.1,242.8,98,170.9,121,210.8,97.4,216.7,115.7,55.9,111.5,149.9,84.3,173.3,112.9,253.2,116.7,179.1,172.2,76.3,133.7,115.2,193.2,139.5,64.8,233.5,160.6,234.4,109.4,264.7,257.8,313.2
"JacksonCounty",135.3,114,39.4,261,214.4,158.8,42.3,149.3,113.6,190.2,212.7,399.4,334.8,88.3,124.6,90.2,300,191.5,190.8,282.2,115.3,65.7,60.1,266.1,165.7,226.7,174.5,336.4,293.7,86.6,88.4,300.7,282.5,372.5,325.7,396.9,131.9,393.5,228.3,163.5,350.2,279.5,13.2,43.7,156.7,95.1,366.4,223.7,284,185.5,324.4,70.4,176.5,140,332.7,92.5,172.5,136.2,75.2,344,107.7,150.5,171.7,104,412.1,45.3,156,293.1,253.1,63.2,186.6,153.4,242.7,218.9,55.7,252.6,362.4,208.4,127.4,200.6,65.7,260.9,238.6,203.1,141,357.8,171.4,377.8,30.6,308.2,370.6,189.8,237,398.5,380.1,199.5,331,267,70.6,364.6,93.8,382.9,147.5,114.1,88.1
"JeffersonCounty",111.9,86.8,36.4,254.8,214.5,135.5,59.8,143.1,107.4,184,185.7,399.4,328.6,125.6,179.7,84.6,293.7,185.3,166,354.8,115.3,54,31.9,266.2,159.5,226.8,174.6,336.4,293.8,59.5,88.5,300.8,282.6,372.6,325.8,397,125.7,393.5,222.1,157.2,350.3,279.6,43.7,12.1,222,52,366.4,217.5,277.8,163.6,324.5,46.1,176.6,107.8,332.8,86.2,172.6,130,109.4,345.8,74,205.6,166.1,97.8,412.2,79.5,142.2,293.2,314.1,57.6,229.3,153.5,242.8,289.3,71.4,246.4,362.5,190.1,166.4,200.7,83.4,261,238.7,203.2,141.1,357.9,165.1,377.9,30.7,308.3,370.7,249.6,237.1,398.6,380.2,193.3,331.1,267.1,70.6,364.7,131.7,383,141.9,108.4,45
"JewellCounty",278.4,281.5,176.7,206.6,124.3,307,145,194.1,180.9,268.6,344.8,191.3,252.7,84.9,46.4,252.5,221,221.8,325.4,125.6,127,167.2,227.6,175.9,251.9,119.7,84.4,246.2,203.5,254.2,136.4,170.2,115.8,282.4,235.5,259,233.5,288.1,196.4,158.2,260,189.3,156.7,222,15.6,262.6,280.2,168.9,203.3,313,204.2,217.6,59,307.6,194.8,206.1,123.8,154,94.7,253.8,275.3,33.9,295.3,160.5,321.9,122.5,294.6,172.9,96.5,225.4,59.5,69.2,152.6,62.3,134.8,172.7,157.1,144.8,31.6,110.4,112.2,90.2,145.4,109.9,92.3,224.1,179.8,287.6,195.6,142.7,207.4,33.2,146.9,308.4,290,211.1,170.3,146.8,175.9,226.7,66.5,243.4,268.3,252.9,255.6
"JohnsonCounty",89.3,64.2,68.5,270.1,255.2,84.7,105.9,158.4,121.9,188.1,134.9,440.1,343.9,166.3,220.4,80.8,309.1,200.6,115.2,395.4,156,79,31.1,279.4,163.5,267.5,215.3,377.1,331.3,39.3,129.1,341.4,323.2,395,348.1,437.6,132.4,434.2,237.4,171.8,372.6,320.2,95.1,52,262.6,11.3,407.1,232.8,293.1,141,365.2,31.7,217.2,61,373.4,91.3,175.1,144.5,159.6,361.1,27.1,246.3,150.2,119,445.8,130.1,119.6,333.9,354.8,63.3,269.9,194.2,283.4,330,120.6,261.8,403.1,204.7,242.6,206.5,131.1,301.6,279.3,243.8,181.7,398.5,180.5,393.6,66.2,349,411.4,290.2,252.8,421,402.6,208.6,371.7,307.8,111.3,405.4,185.7,423.6,130.1,104.6,14.4
"KearnyCounty",360.1,368.1,394,194.4,159.6,388.8,404,271.7,276.3,332.3,418.2,149.2,135.7,289.4,275.4,337.8,152.8,285.5,398.8,175,271.5,412.3,372.1,126.7,325.3,168.4,193.5,30.2,90.8,351.5,280.8,116.7,174.8,36.8,75.8,58.9,315.2,39.7,223,233.1,64.6,88.3,366.4,366.4,280.2,407.1,15.2,199.1,133.3,386.3,85.9,404.5,223,407.6,90.5,301.5,216,249.3,358.9,106.3,381.3,252.4,368.6,294,90.7,370.3,368,116.6,193.9,334.2,239.3,249.2,126,219.4,329.6,160,143.8,197.9,297.6,184.3,303.6,202.6,142.8,198.4,236.8,59.4,236,92.8,340.1,145.1,120.4,251.2,163.1,57.9,63.4,255.2,114.9,146.7,320.4,88.4,321.3,37.2,341.6,334.6,400.1
"KingmanCounty",170.3,210.4,245.1,62.1,96.4,198.9,261.4,80.3,127.5,133.1,224.6,327.5,129.1,166.4,152.5,180.2,101.1,86.3,205.2,282.9,148.5,263.3,217.1,95,131.7,154.9,85.1,169.1,108.9,193.9,157.9,228.8,210.7,190.7,147.3,251.8,125.4,226.2,29.5,78.5,168.3,137.1,223.7,217.5,168.9,232.8,199.1,15.1,70.8,192.8,190,253.8,115.7,217.7,260.8,143.8,71.7,112,235.9,138.7,223.7,145.2,175.1,152.1,223.4,247.3,174.4,160.7,242.2,175.8,157.4,126.3,104.4,217.4,206.7,39.4,290.6,38.7,174.7,60.5,180.6,189.1,126.5,131.2,103.5,205.1,47.4,171.3,192.6,236.4,298.8,183.2,68.4,216.7,198.3,57,259.1,195.2,196.1,292.8,198.3,230.2,148.1,144.8,245.1
"KiowaCounty",230.6,270.7,305.4,65.7,86.7,259.2,321.6,140.6,168.5,203.9,284.9,274,63.2,210.5,196.6,240.5,31.4,157.1,265.5,229.3,192.6,323.6,277.4,38,192,101.1,120.6,103.3,43.1,254.2,202,158.8,157.1,124.8,81.4,186,185.7,160.4,93.1,114.3,102.5,71.2,284,277.8,203.3,293.1,133.3,70.8,13.8,253.1,124.2,309.9,150,278,207.3,204.1,115.8,149,280,72.9,284,179.5,235.4,195.7,157.6,291.4,234.8,99.5,188.6,236.1,167.5,170.4,58.7,163.6,250.8,31.7,237,79.2,218.8,101,224.7,135.3,75.5,126.5,147.6,139.2,107.7,105.4,252.9,182.8,245.2,191.8,59.9,150.8,132.4,126.9,205.6,130.1,241.5,215.5,242.4,164.3,208.4,205.1,305.4
"LabetteCounty",64.2,81.3,190.2,230.1,255,71.6,223.2,126.2,161.3,67.7,32.9,490.4,303.9,251.4,270.7,96.4,269,112.8,44.6,445.8,205.8,219.9,132.3,263.3,75.3,317.8,243.8,356.3,291.3,104.8,214.3,391.8,373.6,373,332,416.3,98.8,413.4,183.5,165.9,350.6,309.5,185.5,163.6,313,141,386.3,192.8,253.1,13.2,348,167.4,267.5,96.2,423.8,133.9,192.9,166.1,249.8,321.1,114.1,296.6,34.4,186.9,405.8,226.2,32.2,319.4,405.1,127.4,320.3,244.5,272.7,380.3,205.7,221.7,453.5,188.5,292.9,219.2,216.3,352,285.1,294.1,221.7,369.5,139.9,353.6,154.4,399.3,461.7,340.5,236.7,399,380.6,140.5,422.1,358.1,183.2,455.7,270.8,394.6,51.8,71.7,155.4
"LaneCounty",318.5,312.9,352.1,185.3,108,347.1,362.1,233.3,221.1,303.6,379.8,152.1,126.6,247.4,233.5,282.6,143.7,256.8,360.4,111.5,229.5,370.3,330.1,113.7,286.9,97.8,137,55.9,81.7,296.3,238.9,37,91.4,109.3,66.7,74.7,273.5,103.8,213.9,198.3,87,62.7,324.4,324.5,204.2,365.2,85.9,190,124.2,348,13.8,362.6,173.9,358.4,85.4,246.3,160.8,194.2,316.9,97.2,326.1,190.6,330.2,263.1,153.8,328.3,329.6,40.2,121.1,328,171.5,207.3,93,147.1,287.7,150.9,115.2,165.1,255.7,129.1,261.7,132,71.4,130.6,194.9,27.9,211.8,119.5,298.2,65,123.4,175.3,123.3,131.3,121.8,245.7,83.8,63.2,278.4,104.3,279.3,53,303.2,293,358.1
"LeavenworthCounty",120,94.9,43.3,291.1,256.8,119.4,73.8,179.4,143.7,220.3,169.5,441.8,364.9,167.9,222,111.4,330,221.6,149.9,397.1,157.7,57.2,46,308.5,195.8,269.1,216.9,378.8,336.1,70,130.8,343.1,324.9,414.9,368.1,439.3,162,435.9,258.4,193.6,392.6,321.9,70.4,50.3,217.6,35.9,408.8,253.8,314.1,171.6,366.8,11.1,218.9,91.6,375.1,122.6,214.9,166.3,131.3,382.1,57.8,247.9,180.8,134.1,454.5,101.9,150.3,335.5,356.4,93.9,271.6,195.8,285.1,331.6,122.2,282.7,404.8,226.4,188.3,243,132.8,303.3,281,245.5,183.4,400.2,201.5,414.6,67.8,350.6,413,291.9,279.4,440.9,422.5,229.6,373.4,309.4,113,407,159.6,425.3,160.8,135.2,28.9
"LincolnCounty",233,236.1,204.1,153.4,71.1,261.6,214.1,148.7,135.5,223.2,299.4,248.9,199.5,84.3,66.2,207,167.8,176.4,280,168.5,81.6,222.4,182.2,122.7,206.5,76.2,31.1,193,150.3,208.7,90.9,150.2,104.9,229.1,182.3,246.4,188,275.5,143.1,112.8,206.8,136.1,176.5,176.6,59,217.2,223,115.7,150,267.5,173.9,214.7,13.8,262.1,182.2,160.7,78.4,108.6,151.5,200.6,229.8,35.2,249.8,115.1,268.7,180.4,249.2,142.7,133.2,180,52.2,40,99.3,105.2,139.8,119.4,211.9,91.6,88.3,57.2,113.7,76.8,99.1,52.6,46.9,207.3,134.4,234.4,150.2,134.4,220.2,78.1,93.7,255.1,236.8,165.7,180.5,116.5,130.5,214.1,118.7,232.4,222.8,207.5,210.2
"LinnCounty",54,45.9,129.5,257.4,265.5,34,166.8,145.7,145.1,151.4,89.4,485,331.2,211.2,265.3,84.5,296.4,179.5,69.8,440.4,200.9,139.9,81.5,284.5,133.4,312.4,260.2,377.6,316.2,62.5,174.1,386.3,368.2,400,353.2,482.5,104.4,434.7,224.7,194.9,377.7,326.7,140,107.8,307.6,61,407.6,217.7,278,96.2,358.4,91.6,262.1,12.7,418.3,114.4,198.2,167.7,209.6,346,34.1,291.2,118.1,142.1,430.7,180.6,75.7,329.8,399.7,86.4,314.9,239.1,290,374.9,165.5,246.6,448.1,209.8,287.5,229.6,176.1,346.6,305.4,288.7,226.7,380,167.8,378.5,111.1,393.9,456.3,335.1,257.9,426.1,407.7,195.9,416.7,352.7,142.3,450.3,230.6,405.1,98,74.1,75.3
"LoganCounty",389.2,392.3,360.3,254.3,165.2,417.8,370.3,304.9,291.7,379.4,455.6,95.4,209.6,255.7,241.8,363.3,226.8,332.6,436.2,89.6,237.8,378.6,338.4,182.7,362.7,106,176.2,100.6,164,364.9,247.1,49.2,99.6,126.7,149.7,78.1,344.2,107.2,288.2,269,135,141.1,332.7,332.8,194.8,373.4,90.5,260.8,207.3,423.8,85.4,370.9,182.2,418.3,16.9,316.9,234.6,264.8,325.2,180.2,386,191.3,406,271.3,180.6,336.6,405.4,108.3,108.5,336.2,179.7,215.6,162.1,134,296,220.4,58.4,236.7,264,202.3,269.9,140.2,131.9,138.8,203.1,66.1,290.6,167.5,306.4,60.7,66.7,165.8,194.6,140.4,153.3,321.9,29.5,82.2,286.7,47,287.6,53.8,379,363.7,366.4
"LyonCounty",83.7,68.9,113.8,181.1,153.3,113.7,130.1,69.4,32.9,103.3,163.8,383.6,254.9,118.1,163.8,38.6,220.1,111.6,142.1,338.9,93.2,132.1,80.1,190.4,78.8,210.9,145.4,271.5,242.3,52.3,81,284.9,266.7,305.9,259.1,314.6,45,328.6,148.4,82.8,283.6,214.6,92.5,86.2,206.1,91.3,301.5,143.8,204.1,133.9,246.3,118.3,160.7,114.4,316.9,15,86.1,55.5,124,272.1,82.1,189.8,120.1,55.3,356.8,133.1,104.4,217.7,298.2,42.6,213.4,137.6,177.8,273.5,79.9,172.7,346.6,115.6,186,117.5,90.5,245.1,193.2,187.3,114.8,267.8,91.5,304.6,61.3,292.4,354.9,233.7,163.8,331.9,313.5,119.6,315.2,251.2,55.1,348.8,145,292.9,95.9,62.5,105.7
"McPhersonCounty",158.4,152.7,200.1,119.2,67.9,187,210.1,74.1,60.9,148.6,224.8,301.3,174.1,95.5,81.6,122.4,142.3,101.8,205.4,256.6,77.6,218.4,178.2,111.5,131.9,128.6,56.6,186,148.1,136.1,86.9,202.6,184.4,227,180.1,229.1,113.4,243.1,99.1,38.2,204.6,129.1,172.5,172.6,123.8,175.1,216,71.7,115.8,192.9,160.8,210.7,78.4,198.2,234.6,86.1,15.4,34,165,183.7,165.9,107.5,175.2,80.7,266.5,176.4,174.6,132.2,215.9,118.8,131.1,55.3,92.4,191.2,135.8,84.4,264.3,36.7,103.7,32,109.7,162.8,98,105,32.5,182.4,59.8,216.3,146.2,210.1,272.6,151.4,84.9,253,234.6,91.1,232.9,168.9,126.5,266.5,127.4,207.5,148.2,132.9,206.2
"MarionCounty",136.9,122.1,157.6,153.1,101.2,166.9,173.9,53.3,30.3,129.6,197.9,331.5,207.3,85.5,111.7,91.9,175.6,95.5,178.5,286.8,54.3,175.8,129.6,144.7,105,158.8,93.3,219.3,181.4,105.6,60.5,232.8,214.6,260.2,213.4,262.5,89.3,276.5,120.4,44.6,237.9,162.5,136.2,130,154,144.5,249.3,112,149,166.1,194.2,162.1,108.6,167.7,264.8,55.5,34,15.9,138.5,217,135.4,137.6,148.4,50.1,299.8,149.9,147.8,165.6,246.1,88.3,161.3,85.5,125.7,221.3,109.3,117.6,294.5,69.9,133.9,65.4,83.2,193,141.1,135.2,62.7,215.7,66.3,249.5,105.1,240.3,302.7,181.6,118.1,286.2,267.8,97.6,263.1,199.1,88.8,296.7,117.4,240.8,121.4,115.7,157.6
"MarshallCounty",199.6,183.6,90.5,283.4,206.9,228.4,58.8,177.2,130.7,224.1,293.2,285.9,338.3,67.7,86.1,154.5,306.5,219.4,258,220.3,107.8,81,129.7,258.6,199.6,219.2,167,328.9,286.2,156.2,80.9,293.2,210.5,365,318.2,389.4,165.8,386,248.9,173.1,342.7,272,75.2,109.4,94.7,159.6,358.9,235.9,280,249.8,316.9,131.3,151.5,209.6,325.2,124,165,138.5,15.5,336.5,177.3,120.3,236,113.1,404.6,36.2,220.3,285.6,191.1,127.5,154.1,112.3,235.2,156.9,50.9,248.6,251.8,200.9,65.5,193.1,60.9,184.8,231.1,195.6,133.5,350.3,194.8,370.3,97.7,237.4,302.1,127.8,229.5,391,372.6,227.4,264.9,259.5,77.9,357.1,36.8,375.4,211.8,178.3,152.6
"MeadeCounty",298.6,338.7,373.3,116.9,137.3,327.2,381.6,208.6,236.5,257.9,352.9,246.9,42.6,267,253.1,308.5,71.5,211.1,333.5,206.2,249.1,391.6,345.4,90.6,260,153.4,171.1,76.3,53.8,322.1,258.4,131.8,166.1,72.6,40,159,253.6,130.7,145.5,182.3,48.6,79,344,345.8,253.8,361.1,106.3,138.7,72.9,321.1,97.2,377.9,200.6,346,180.2,272.1,183.7,217,336.5,16.1,351.9,230,303.4,263.7,89.5,347.9,302.7,107.3,197.6,304,224.3,226.9,111.1,216,307.3,99.7,209.9,147.1,275.3,161.9,281.2,187.6,127.8,183.4,215.5,112.2,175.6,37.3,317.7,159.7,218.2,244.1,128,98.6,66.4,181.8,178.5,138,298,188.6,298.9,137.3,276.3,273.1,373.4
"MiamiCounty",62.4,37.3,95.7,261,233.2,62.5,133,149.2,112.7,156.6,118,452.7,334.8,178.9,233,71.6,299.9,191.4,98.3,408.1,168.6,106.1,49.2,270.3,138.6,280.1,227.9,351.3,322.1,30.2,141.8,354,335.9,385.8,338.9,450.2,109.3,408.4,228.3,162.6,363.4,294.4,107.7,74,275.3,27.1,381.3,223.7,284,114.1,326.1,53.6,229.8,34.1,386,82.1,165.9,135.4,177.3,351.9,12.5,258.9,123.3,109.8,436.6,148.3,92.7,297.5,367.4,54.1,282.6,206.8,257.7,342.6,133.2,252.6,415.8,195.5,255.2,197.3,143.7,314.3,273.1,256.4,194.4,347.7,171.3,384.5,78.8,361.6,424,302.8,243.7,411.8,393.4,199.4,384.4,320.4,109.9,418,198.3,372.8,103.2,78.9,41.5
"MitchellCounty",262,265.2,184.1,182.9,100.5,290.7,170.6,177.8,164.6,252.3,328.5,208.5,228.9,68.6,44.1,236.1,197.2,205.5,309.1,142.9,110.7,192.8,211.3,152.2,235.6,109.8,60.6,222.4,179.7,237.8,120,159.3,102.2,258.6,211.7,255.4,217.1,284.6,172.6,141.9,236.2,165.5,150.5,205.6,33.9,246.3,252.4,145.2,179.5,296.6,190.6,247.9,35.2,291.2,191.3,189.8,107.5,137.6,120.3,230,258.9,13.8,278.9,144.2,298.1,148.1,278.3,159.3,113.8,209.1,44.6,52.8,128.8,79.5,127.8,148.9,174.4,121,57.1,86.6,95.9,75.4,124.7,86.1,76,216.4,163.5,263.9,179.3,131.8,206.1,52.5,123.1,284.6,266.2,194.8,169,133.2,159.6,223.2,87.5,241.5,251.9,236.6,239.3
"MontgomeryCounty",66.1,90.4,193.7,191.5,237.3,99.3,209.4,108.5,143.6,43.7,63,472.7,265.3,226.6,253,82.6,230.4,90.9,72.8,428.1,188,229.1,141.4,245.6,52.6,300.1,226.1,338.6,273.6,114,200.5,374,355.9,355.3,314.2,398.5,81.1,395.7,159.5,148.2,332.9,291.8,171.7,166.1,295.3,150.2,368.6,175.1,235.4,34.4,330.2,176.6,249.8,118.1,406,120.1,175.2,148.4,236,303.4,123.3,278.9,13.1,173.1,388.1,212.3,47.3,301.6,387.4,113.6,302.6,226.8,255,362.6,191.9,204,435.8,170.8,275.2,201.5,202.5,334.3,267.4,276.4,204,351.8,122.1,335.9,140.6,381.6,444,322.8,219,381.3,362.9,118.6,404.4,340.4,169.4,438,257,376.9,34.1,57.9,164.6
