"County","AlconaCounty","AlgerCounty","AlleganCounty","AlpenaCounty","AntrimCounty","ArenacCounty","BaragaCounty","BarryCounty","BayCounty","BenzieCounty","BerrienCounty","BranchCounty","CalhounCounty","CassCounty","CharlevoixCounty","CheboyganCounty","ChippewaCounty","ClareCounty","ClintonCounty","CrawfordCounty","DeltaCounty","DickinsonCounty","EatonCounty","EmmetCounty","GeneseeCounty","GladwinCounty","GogebicCounty","GrandTraverseCounty","GratiotCounty","HillsdaleCounty","HoughtonCounty","HuronCounty","InghamCounty","IoniaCounty","IoscoCounty","IronCounty","IsabellaCounty","JacksonCounty","KalamazooCounty","KalkaskaCounty","KentCounty","KeweenawCounty","LakeCounty","LapeerCounty","LeelanauCounty","LenaweeCounty","LivingstonCounty","LuceCounty","MackinacCounty","MacombCounty","ManisteeCounty","MarquetteCounty","MasonCounty","MecostaCounty","MenomineeCounty","MidlandCounty","MissaukeeCounty","MonroeCounty","MontcalmCounty","MontmorencyCounty","MuskegonCounty","NewaygoCounty","OaklandCounty","OceanaCounty","OgemawCounty","OntonagonCounty","OsceolaCounty","OscodaCounty","OtsegoCounty","OttawaCounty","PresqueIsleCounty","RoscommonCounty","SaginawCounty","StClairCounty","StJosephCounty","SanilacCounty","SchoolcraftCounty","ShiawasseeCounty","TuscolaCounty","VanBurenCounty","WashtenawCounty","WayneCounty","WexfordCounty"
"AlconaCounty",21.8,250.9,266.4,53,118.2,65.3,362.2,248.1,96.2,153.8,315,271.5,248.7,318.4,125.1,103.8,173.6,123.3,178.1,69.3,259.6,328.2,217.1,121.2,148.1,94,430.1,126.4,154.5,271,391.1,160.6,202.8,200.7,36.4,368.1,150.6,235,273.6,93.2,225.6,427.3,176.7,176.3,144.8,240.3,188,214.2,157.3,207.7,177.7,309,199.7,180,316.9,124.2,112.3,235.2,196.1,57.4,231.5,196.2,186.6,230.8,62.3,404.4,161.6,39,87.4,246.6,81.2,82.9,119.1,209.4,292,174,237.7,172.5,136.4,303.7,206.5,208.7,141.2
"AlgerCounty",250.9,36.6,400.8,217.5,205.3,280.4,111.6,394.8,298.7,255.2,449.5,418.2,395.3,451.1,196,155.5,110.3,257.8,334.6,212.2,53.5,114.8,363.7,155.7,343.9,265.2,188.4,228.3,306.8,427.3,140.5,356.4,353.5,350.3,290.4,134.4,285,391.3,420.2,227.3,360,176.7,311.1,372.1,246.7,420.5,383.8,70.5,99.1,403.5,279,58.5,334.1,314.5,103.5,293.2,246.7,431,330.5,194.5,365.9,330.6,382.4,365.3,259.7,153.9,296,228,182.8,381.1,188.8,230.4,314.9,405.3,438.6,369.8,32.9,353.1,332.3,427.8,402.4,404.5,275.6
"AlleganCounty",266.4,400.8,22,284.6,206.3,207.4,512.1,52.1,198.1,169.6,66.2,90.6,66.6,62.6,219,262.9,323.5,160.8,110.9,200.6,409.5,469,80.9,239.4,152.5,176.8,573.8,182.4,121.5,117,541,245.3,97.7,77.6,246.2,511.3,125.5,101.9,39.6,179,48.5,577.2,119.7,178.1,205,138.3,130.7,364.1,307.2,196.9,146.8,458.9,116.7,109.2,447.8,151,156,170.2,88.2,256,54.2,88.5,174.8,89.6,215.5,574.1,130.8,229.9,226.3,34.2,289.6,188.2,156.2,211.3,63.1,227.4,387.6,134.1,199.7,35.1,137.5,168.8,147.5
"AlpenaCounty",53,217.5,284.6,21.2,111.7,99,328.8,280.8,135.5,164.6,333.3,304.2,281.3,335,104.8,83.5,140.2,141.6,218.5,87.6,226.2,294.7,249.8,100.8,180.7,117.9,396.6,137.7,190.6,303.6,357.6,193.3,235.5,234.1,70.2,334.6,168.9,267.7,306.3,111.4,243.8,393.9,195,209,156.1,272.9,220.7,180.8,123.9,240.4,188.4,275.6,218,198.3,283.4,142.3,130.6,267.8,214.4,37,249.7,214.4,219.3,249.1,80.6,371,179.9,57.3,67.1,264.9,46.6,101.2,151.7,242.1,324.7,206.6,204.3,205.2,169.1,311.7,239.2,241.4,159.5
"AntrimCounty",118.2,205.3,206.3,111.7,12.6,122.6,316.6,199.9,140.9,79,255,257.9,235,256.6,26.5,83,128,97.5,174.3,52.4,214.1,282.6,203.4,59,186.1,111.4,384.5,52.1,146.5,267,345.5,198.6,193.2,158.6,132.6,322.5,124.8,231.1,220.1,32.9,165.5,381.7,107.7,214.4,70.5,260.3,226.1,168.6,111.7,245.7,102.9,263.4,139.7,121,271.3,132.9,61,273.2,153,76.8,171.4,136.1,224.7,170.8,101.9,358.8,96.3,81.7,47.1,186.6,109.7,72.6,157.1,247.5,243.6,212,192.1,192.8,174.5,233.4,244.6,246.8,76
"ArenacCounty",65.3,280.4,207.4,99,122.6,13.4,391.7,185.3,33.4,143.5,268.3,208.7,185.8,255.6,137.8,142.4,203.1,54.3,115.3,80.2,289.1,357.6,154.3,150.7,85.2,31.1,459.6,130.8,91.7,208.1,420.5,97.8,140,137.9,38.7,397.6,80.7,172.2,210.8,97.6,166.5,456.8,117.7,113.5,149.2,177.4,125.2,243.7,186.8,144.9,144.4,338.5,140.7,110.1,346.4,61.3,82.1,172.3,126.2,94.4,172.4,137.1,123.8,171.8,37.2,433.9,91.7,62.5,105.8,187.6,123.1,61.3,56.3,146.6,229.2,111.1,267.2,109.7,73.6,240.9,143.7,145.9,100.1
"BaragaCounty",362.2,111.6,512.1,328.8,316.6,391.7,16.8,506,410,366.5,485.7,529.5,506.6,504.1,307.3,266.8,221.6,369,445.9,323.5,123.8,83.2,475,267,455.2,376.5,100.6,339.5,418,538.6,33,467.7,464.8,461.5,401.7,46.6,396.3,502.6,538.8,338.6,471.3,69.3,422.4,483.4,358,531.8,495.1,181.8,210.4,514.8,390.3,58.2,445.4,425.7,129,404.5,358,542.3,441.8,305.8,477.2,441.9,493.7,476.5,371,52.6,407.3,339.3,294.1,492.4,300.1,341.6,426.2,516.6,540.2,481.1,144.2,464.4,443.5,517.3,513.7,515.8,386.9
"BarryCounty",248.1,394.8,52.1,280.8,199.9,185.3,506,12.4,150.9,179.7,92.3,70.3,38.8,79.6,212.6,256.8,317.5,146.8,63.8,194.6,403.5,495.1,33.7,233.1,105.4,159.8,600,176,90.3,89.2,534.9,198.2,50.5,37.7,221.6,537.5,103.3,74.1,34.8,172.6,36,571.2,114.3,131,198.7,110.5,83.5,358.1,301.2,139.6,170.7,452.9,140.6,102.8,474,126.2,149.7,142.4,74.3,249.9,78.1,83.1,117.6,113.5,200.8,548.3,124.4,226,220.2,57.4,283.5,182.1,122,164.1,66.5,180.3,381.6,86.9,152.6,64.9,109.7,129,141.1
"BayCounty",96.2,298.7,198.1,135.5,140.9,33.4,410,150.9,12.9,148.7,233.9,174.3,151.4,221.2,156.1,160.7,221.4,68.2,80.9,98.5,307.4,376,119.9,169,50.9,49.5,477.9,149.1,57.3,173.7,438.9,59.9,105.6,103.5,69.6,415.9,51.1,137.8,176.4,115.9,131.3,475.1,116,79.1,167.5,143.1,90.8,262,205.1,110.5,154.5,356.8,139,80.5,364.7,27,100.4,137.9,86.2,112.7,144.4,135.5,89.4,170.1,55.5,452.2,90,80.8,124.1,152.4,156.8,79.7,21.9,112.2,194.8,71.1,285.5,75.3,33.5,206.5,109.3,111.5,110.2
"BenzieCounty",153.8,255.2,169.6,164.6,79,143.5,366.5,179.7,148.7,15.1,215.5,247.3,226.8,236.4,96.5,135.9,177.9,89.4,163.8,88.1,263.9,332.4,192.9,108.9,190.4,108,434.4,38.8,135.9,256.4,395.3,206.5,182.7,147.4,153.6,372.4,114.2,220.5,199.8,61.8,145.2,431.6,64.3,218.7,56.1,249.7,215.7,218.5,161.6,250.1,27.3,313.3,55.9,100.7,321.1,125.7,63.4,277.5,132.7,129.8,116.6,97.8,229,91.1,122.9,408.7,76,117.3,100,146.5,162.6,95.5,153.5,251.8,223.3,216.3,242,182.2,178.8,202.5,248.9,251.1,41.6
"BerrienCounty",315,449.5,66.2,333.3,255,268.3,485.7,92.3,233.9,215.5,20.5,96.6,87,28.2,267.6,311.5,372.2,209.4,146.8,249.3,432,409.7,116.7,288.1,188.4,225.4,514.5,231,173.3,134,514.6,281.2,133.5,126.3,304.6,452,174.1,122.3,60,227.7,97.2,550.8,168.4,214,253.7,158.7,166.5,412.8,355.9,217.3,192.7,476,162.6,157.8,388.6,199.6,204.7,190.6,136.9,304.7,100,137.1,195.2,135.4,264.2,514.8,179.5,278.5,274.9,80,338.2,236.9,205,247.1,58.7,263.3,436.3,169.9,235.6,38.5,157.9,189.2,196.2
"BranchCounty",271.5,418.2,90.6,304.2,257.9,208.7,529.5,70.3,174.3,247.3,96.6,11.7,32.8,58.1,275.6,280.2,340.9,170.2,87.2,218,426.9,480.4,57.1,288.5,128.8,183.2,585.2,243.6,113.7,31,558.3,221.6,73.9,85.1,245,522.7,143.8,48.8,61,232.8,110.9,594.6,184.5,154.4,266.3,59.5,106.9,381.5,324.6,148.1,240.9,476.3,210.8,146.2,459.2,149.6,206.9,88.1,121.9,273.4,148.2,153.2,126.1,183.6,224.2,585.5,168.3,249.4,243.6,124.5,306.9,205.5,145.4,187.5,31.8,203.7,405,110.3,176,83.6,88.8,109.5,208.8
"CalhounCounty",248.7,395.3,66.6,281.3,235,185.8,506.6,38.8,151.4,226.8,87,32.8,13.8,74.3,252.7,257.3,318,147.3,64.3,195.1,404,489.9,34.2,265.6,105.9,160.3,594.7,223.1,90.8,51.7,535.4,198.7,51,58.7,222.1,532.2,121,39.8,29.5,210,72.5,571.7,160.5,131.5,245.8,76.2,84,358.6,301.7,134.8,216.9,453.4,186.8,119.8,468.7,126.8,184,108.1,95.5,250.5,124.3,129.2,112.7,159.6,201.3,548.8,141.9,226.6,220.7,100.5,284,182.7,122.5,164.6,47.9,180.8,382.1,87.5,153.1,59.6,75.4,106.7,188.3
"CassCounty",318.4,451.1,62.6,335,256.6,255.6,504.1,79.6,221.2,236.4,28.2,58.1,74.3,11.6,269.3,313.2,373.8,217.1,134,250.9,450.4,428.1,103.9,289.7,175.6,230.1,532.9,232.7,160.5,85.4,533,268.4,120.7,123.3,291.8,470.4,175.8,109.6,47.2,229.3,98.9,569.2,170,201.2,255.4,113.8,153.7,414.4,357.5,204.5,202.3,494.4,172.2,159.5,407,196.5,206.4,170.8,138.5,306.3,109.6,138.8,182.5,145,271,533.3,181.1,280.2,276.6,89.6,339.9,238.5,192.3,234.4,30.6,250.6,437.9,157.2,222.9,38,145.2,176.4,197.8
"CharlevoixCounty",125.1,196,219,104.8,26.5,137.8,307.3,212.6,156.1,96.5,267.6,275.6,252.7,269.3,19.2,76.1,118.7,115.2,192,69.6,204.8,273.3,221.1,49.7,201.3,122.6,375.2,69.6,164.2,284.7,336.2,213.8,210.9,171.2,147.8,313.2,142.4,248.7,232.7,45.6,178.1,372.4,120.3,229.5,88,277.9,241.2,159.3,102.4,260.9,120.4,254.1,152.3,133.7,262,150.6,73.6,288.4,165.6,69.9,184.1,148.8,239.8,183.4,117.1,349.5,109,98.9,40.2,199.2,102.8,87.8,172.3,262.7,256.3,227.2,182.8,210.5,189.6,246,259.8,262,88.6
"CheboyganCounty",103.8,155.5,262.9,83.5,83,142.4,266.8,256.8,160.7,135.9,311.5,280.2,257.3,313.2,76.1,15.3,78.2,119.8,196.7,74.3,164.2,232.7,225.8,32.4,205.9,127.2,334.7,109,168.8,289.3,295.6,218.5,215.6,212.3,116.9,272.7,147.1,253.4,282.3,89.3,222,331.9,173.2,234.2,127.4,282.6,245.9,118.8,61.9,265.6,159.7,213.6,196.2,176.5,221.4,155.2,108.8,293,192.6,47.4,227.9,192.6,244.5,227.3,121.8,309,158.1,80.9,44.8,243.1,41.7,92.4,176.9,267.3,300.7,231.8,142.3,215.1,194.3,289.9,264.4,266.6,137.7
"ChippewaCounty",173.6,110.3,323.5,140.2,128,203.1,221.6,317.5,221.4,177.9,372.2,340.9,318,373.8,118.7,78.2,26.7,180.4,257.3,134.9,148,216.5,286.4,78.4,266.6,187.9,298.4,151,229.5,350,250.5,279.1,276.2,273,213.1,244.4,207.7,314,342.9,150,282.7,286.8,233.8,294.8,169.4,343.2,306.5,68.3,47.7,326.2,201.7,168.5,256.8,237.1,205.2,215.9,169.4,353.7,253.3,117.2,288.6,253.3,305.1,288,182.4,263.9,218.7,150.7,105.5,303.8,111.5,153.1,237.6,328,361.3,292.5,126.1,275.8,254.9,350.5,325.1,327.3,198.3
"ClareCounty",123.3,257.8,160.8,141.6,97.5,54.3,369,146.8,68.2,89.4,209.4,170.2,147.3,217.1,115.2,119.8,180.4,12.3,86.7,57.5,266.5,335,115.8,128,109.9,23.7,436.9,85.7,58.8,179.3,397.9,126,105.6,102.3,90.6,374.9,37.1,143.4,172.3,72.4,119.9,434.2,71.1,138.2,108.4,172.6,138.6,221.1,164.2,169.6,95.2,315.9,94.1,65,323.7,45.2,46.4,197,81.1,112.9,125.8,90.6,148.5,125.2,61.1,411.3,45.1,86.8,83.2,141,146.5,45.1,73,171.3,190.7,135.8,244.6,105.1,98.3,187.8,168.4,170.6,50.9
"ClintonCounty",178.2,334.6,110.9,218.5,174.3,115.4,445.9,63.8,81,163.8,146.8,87.2,64.3,134,192,196.7,257.3,86.7,12.3,134.4,343.4,411.9,32.7,204.9,60.5,99.7,513.8,160.1,30.1,96.3,474.8,153.3,22.5,36.5,151.6,451.8,60.3,60.3,89.2,149.3,70.8,511,131,86.1,182.8,89.5,55.5,297.9,241.1,115.3,169.5,392.8,154,86.7,400.6,66.1,123.3,116.7,67.2,189.8,112.9,108.4,89.7,148.3,130.8,488.1,105,163.7,160.1,96.1,223.4,122,64.9,119.3,107.6,135.4,321.4,32.1,107.8,119.3,88.1,101.1,125.2
"CrawfordCounty",69.3,212.2,200.6,87.6,52.4,80.2,323.5,194.6,98.5,88.1,249.3,218,195.1,250.9,69.6,74.3,134.9,57.5,134.4,12.2,221,289.5,163.5,82.5,143.7,65,391.4,60.7,106.6,227.1,352.4,156.2,153.3,150.1,90.2,329.4,84.8,191.1,220,27.4,159.8,388.6,110.9,171.9,79.1,220.3,183.6,175.5,118.7,203.3,111.9,270.4,133.9,114.3,278.2,93,46.5,230.8,130.4,67.4,165.7,130.4,182.2,165.1,59.5,365.8,95.8,32.8,37.7,180.9,101,30.2,114.7,205.1,238.4,169.6,199,152.9,132.1,227.6,202.2,204.4,75.4
"DeltaCounty",259.6,53.5,409.5,226.2,214.1,289.1,123.8,403.5,307.4,263.9,432,426.9,404,450.4,204.8,164.2,148,266.5,343.4,221,23,68,372.5,164.5,352.6,273.9,169.9,237,315.5,436,152.7,365.2,362.3,359,299.2,107.9,293.8,400.1,429,236.1,368.7,188.9,319.9,380.9,255.4,429.3,392.6,108.2,107.8,412.3,287.7,67.3,342.9,323.2,56.7,301.9,255.5,439.7,339.3,203.2,374.6,339.4,391.2,374,268.5,166,304.8,236.7,191.5,389.8,197.5,239.1,323.6,414,447.4,378.5,52,361.9,341,436.6,411.1,413.3,284.4
"DickinsonCounty",328.2,114.8,469,294.7,282.6,357.6,83.2,495.1,376,332.4,409.7,480.4,489.9,428.1,273.3,232.7,216.5,335,411.9,289.5,68,14.3,441,233,421.2,342.5,111.5,305.5,384,517.7,112,433.7,430.8,427.5,367.7,49.5,362.3,468.6,462.8,304.6,437.2,148.3,388.4,449.4,323.9,497.8,461.1,176.7,176.3,480.8,356.3,69.5,411.4,391.7,49.7,370.5,324,508.3,407.8,271.8,443.2,407.9,459.7,442.5,337,111.8,373.3,305.2,260,482.8,266,307.6,392.2,482.5,464.1,447,120.5,430.4,409.5,441.3,479.6,481.8,352.9
"EatonCounty",217.1,363.7,80.9,249.8,203.4,154.3,475,33.7,119.9,192.9,116.7,57.1,34.2,103.9,221.1,225.8,286.4,115.8,32.7,163.5,372.5,441,12.4,234,74.3,128.8,542.9,189.2,59.2,76,503.9,167.1,19.4,44.6,190.5,480.9,89.4,48.9,59.2,178.4,70.5,540.1,148.8,99.9,211.9,78,52.4,327,270.1,108.6,205.2,421.9,175.1,105.7,429.7,95.2,152.4,113.6,81.4,218.9,112.6,117.6,86.6,148,169.7,517.2,134.1,195,189.2,95.8,252.5,151.1,90.9,133.1,77.6,149.2,350.5,55.9,121.5,89.3,84.9,97.9,154.3
"EmmetCounty",121.2,155.7,239.4,100.8,59,150.7,267,233.1,169,108.9,288.1,288.5,265.6,289.7,49.7,32.4,78.4,128,204.9,82.5,164.5,233,234,15.3,214.2,135.5,334.9,82,177.1,297.6,295.9,226.7,223.8,220.5,160.7,272.9,155.3,261.6,253.2,66,198.6,332.1,140.8,242.4,100.4,290.8,254.1,119,62.1,273.8,132.7,213.9,161.3,154.1,221.7,163.5,94.1,301.3,186.1,64.8,204.5,169.2,252.7,203.9,130,309.2,129.4,98.3,53.1,219.7,59.1,100.7,185.2,275.6,276.7,240.1,142.5,223.4,202.5,266.5,272.6,274.8,109.1
"GeneseeCounty",151.2,347,151.5,183.9,189.3,88.4,458.3,104.4,54,193.6,187.4,127.8,104.9,174.6,204.4,209.1,269.7,113.1,59.5,146.8,355.8,424.3,73.3,217.3,13.1,97.8,526.2,189.9,68.9,127.2,487.2,95.7,59,85.6,124.6,464.2,99,91.3,129.9,164.2,111.4,523.5,160.9,28.6,212.6,96.5,44.3,310.3,253.5,62.8,199.3,405.2,183.9,125.4,413,71.8,149.7,91.4,105.9,161,153.5,158.5,41.8,188.9,103.8,500.6,134.8,129.1,172.5,136.7,205.1,128,42.8,61.8,148.3,78,333.9,28.8,50.3,160,62.8,63.9,155.1
"GladwinCounty",94,265.2,176.8,117.9,111.4,31.1,376.5,159.8,49.5,108,225.4,183.2,160.3,230.1,122.6,127.2,187.9,23.7,99.7,65,273.9,342.5,128.8,135.5,94.7,11.7,444.4,104.3,71.8,192.3,405.3,107.2,118.6,115.3,67.4,382.4,50.1,156.4,185.3,86.4,135.9,441.6,87.1,122.9,127,185.6,134.6,228.5,171.6,154.3,113.8,323.3,110.1,79.5,331.2,30,60.4,181.8,95.6,95.1,141.9,106.6,133.2,141.2,37.9,418.7,61.1,63.2,90.6,157,153.9,39.8,57.7,156.1,203.7,120.6,252,94.2,83,203.8,153.1,155.3,69.5
"GogebicCounty",430.1,188.4,573.8,396.6,384.5,459.6,100.6,600,477.9,434.4,514.5,585.2,594.7,532.9,375.2,334.7,298.4,436.9,513.8,391.4,169.9,111.5,542.9,334.9,523.1,444.4,19.8,407.5,486,622.6,104.7,535.6,532.7,529.4,469.6,75.9,464.2,570.5,567.6,406.5,539.2,139.4,490.3,551.3,425.9,599.7,563,258.6,278.3,582.7,458.2,135,513.3,493.6,157.3,472.4,425.9,610.2,509.7,373.7,545.1,509.8,561.6,331.4,438.9,65.4,475.2,407.1,362,587.7,368,409.5,494.1,584.5,569,549,221,532.3,511.4,546.1,581.5,583.7,454.8
"GrandTraverseCounty",126.4,228.3,182.4,137.7,52.1,130.8,339.5,176,149.1,38.8,231,243.6,223.1,232.7,69.6,109,151,85.7,160.1,60.7,237,305.5,189.2,82,186.8,104.3,407.5,12.6,132.2,252.7,368.4,206.9,179,143.7,140.9,345.5,110.5,216.8,196.1,34.4,141.5,404.7,71.1,215,30.3,246,212,191.6,134.7,246.4,62.6,286.4,91.2,97.1,294.2,122.1,50,273.8,129,102.8,139.9,104.6,225.3,126.4,110.2,381.8,72.4,89.9,73.1,162.6,135.7,80.8,149.8,248.1,219.6,212.6,215.1,178.6,175.1,209.4,245.2,247.4,46.2
"GratiotCounty",154.6,306.8,121.5,190.6,146.5,91.8,418,90.3,57.4,135.9,173.3,113.7,90.8,160.5,164.2,168.8,229.5,58.8,30.1,106.6,315.5,384,59.2,177.1,67.2,71.8,486,132.2,12.3,122.8,446.9,115.2,49,52.8,128.1,424,32.4,86.9,115.8,121.4,77.2,483.2,103.2,95.4,154.9,116.1,82,270.1,213.2,125.3,141.6,364.9,126.2,58.8,372.7,38.2,95.4,143.2,43.7,161.9,101.9,80.5,104.3,118.3,107.3,460.3,77.2,135.8,132.2,101.8,195.5,94.1,41.4,128.6,134.2,107.1,293.6,48.6,70.6,145.9,114.6,127.6,97.4
"HillsdaleCounty",271,427.3,117,303.6,267,208.1,538.6,89.2,173.7,256.4,134,31,51.7,85.4,284.7,289.3,350,179.3,96.3,227.1,436,517.7,76,297.6,128.2,192.3,622.6,252.7,122.8,12.7,567.4,221,74.5,104,244.4,560.1,152.9,40.8,79.9,241.9,129.8,603.7,210.9,153.8,275.4,33.3,97.8,390.6,333.7,136.5,267.3,485.4,237.2,165.1,496.6,158.8,216,70.6,140.8,282.5,174.6,179.6,114.4,210,223.6,580.8,197.7,248.9,252.7,150.9,316,214.6,150.4,153.9,59.1,203.1,414.1,115.3,175.4,110,67.6,96.6,217.9
"HoughtonCounty",391.1,140.5,541,357.6,345.5,420.5,33,534.9,438.9,395.3,514.6,558.3,535.4,533,336.2,295.6,250.5,397.9,474.8,352.4,152.7,112,503.9,295.9,484,405.3,104.7,368.4,446.9,567.4,19.9,496.6,493.7,490.4,430.6,75.4,425.2,531.5,567.7,367.5,500.1,41.8,451.3,512.3,386.8,560.7,524,210.7,239.2,543.7,419.1,87,474.3,454.6,157.9,433.4,386.9,571.1,470.7,334.6,506,470.8,522.6,505.4,399.9,49.6,436.2,368.1,322.9,521.2,328.9,370.5,455.1,545.4,569,509.9,173.1,493.3,472.4,546.2,542.5,544.7,415.8
"HuronCounty",160.6,356.4,245.3,193.3,198.6,97.8,467.7,198.2,59.9,206.5,281.2,221.6,198.7,268.4,213.8,218.5,279.1,126,153.3,156.2,365.2,433.7,167.1,226.7,95.3,107.2,535.6,206.9,115.1,221,496.6,23.8,152.8,179.4,134,473.6,108.8,185.1,223.7,173.6,205.2,532.8,173.7,74.1,225.3,190.3,138.1,319.7,262.9,98.4,212.2,414.6,196.7,138.3,422.4,84.7,158.1,163.9,143.9,170.4,202.1,193.2,110.8,227.9,113.2,510,147.7,138.5,181.9,230.5,214.5,137.4,79.6,85.9,242.1,47.6,343.2,122.6,45.7,253.8,156.6,127.7,167.9
"InghamCounty",202.8,353.5,97.7,235.5,193.2,140,464.8,50.5,105.6,182.7,133.5,73.9,51,120.7,210.9,215.6,276.2,105.6,22.5,153.3,362.3,430.8,19.4,223.8,60,118.6,532.7,179,49,74.5,493.7,152.8,12.2,46.5,176.2,470.7,79.2,38.6,75.9,168.2,72.4,529.9,150.7,85.6,201.7,67.8,34.1,316.8,260,90.3,188.4,411.7,177,105.6,419.5,85,142.2,95.3,83.3,208.7,114.5,119.5,68.3,149.9,155.4,507,123.9,180.7,179,97.7,242.3,140.9,76.7,118.8,94.3,134.9,340.3,41.6,107.3,106,67,79.6,144.1
"IoniaCounty",200.8,350.3,77.6,234.1,158.6,138,461.5,37.7,103.6,147.4,126.3,85.1,58.7,123.3,171.2,212.3,273,102.3,36.5,150.1,359,427.5,44.6,220.5,86.6,115.3,529.4,143.7,52.8,104,490.4,179.4,46.5,12.4,174.3,467.4,66.2,84.4,71,131.8,37.5,526.7,107.9,112.2,166.4,113.6,79.6,313.5,256.7,141.3,172.2,408.4,142.2,61.7,416.2,91.9,106.5,140.7,37.4,205.4,79.6,84.6,113.7,115,153.4,503.8,83.7,179.3,175.7,62.8,239,137.6,87.6,145.3,90.9,161.5,337.1,55.2,133.8,100,112.1,125.1,108.9
"IoscoCounty",36.4,290.4,246.2,70.2,132.6,38.7,401.7,221.6,69.6,153.6,304.6,245,222.1,291.8,147.8,116.9,213.1,90.6,151.5,90.2,299.2,367.7,190.5,160.7,121.5,67.4,469.6,140.9,128,244.4,430.6,134,176.2,174.1,22.4,407.6,116.9,208.4,247,107.6,205.4,466.8,156.5,149.7,159.3,213.7,161.4,253.7,196.9,181.1,169,348.6,179.5,146.4,356.4,97.6,92.1,208.6,162.4,70.4,211.3,176,160,210.6,39.1,444,127.9,52.1,115.9,226.5,94.3,71.4,92.5,182.9,265.4,147.4,277.2,146,109.8,277.1,180,182.1,121
"IronCounty",368.1,134.4,511.3,334.6,322.5,397.6,46.6,537.5,415.9,372.4,452,522.7,532.2,470.4,313.2,272.7,244.4,374.9,451.8,329.4,107.9,49.5,480.9,272.9,461.1,382.4,75.9,345.5,424,560.1,75.4,473.6,470.7,467.4,407.6,17.9,402.2,508.5,505.1,344.5,477.2,111.7,428.3,489.3,363.9,537.7,501,204.6,216.3,520.7,396.2,80.9,451.3,431.6,95.3,410.4,363.9,548.2,447.7,311.7,483.1,447.8,499.6,482.4,376.9,76.3,413.2,345.1,300,525.2,306,347.5,432.1,522.5,506.5,487,160.4,470.3,449.4,483.6,519.5,521.7,392.8
"IsabellaCounty",150.6,285,125.5,168.9,124.8,80.7,396.3,103.3,51,114.2,174.1,143.8,121,175.8,142.4,147.1,207.7,37.1,60.3,84.8,293.8,362.3,89.4,155.3,97.4,50.1,464.2,110.5,32.4,152.9,425.2,108.7,79.2,66.2,116.9,402.2,12.4,117,145.9,99.7,84.6,461.5,78.3,125.6,133.2,146.2,112.2,248.3,191.5,155.5,119.9,343.2,101.3,32.4,351,28.5,73.7,173.4,48.5,140.2,97.7,70.7,134.4,104.3,87.4,438.6,54.5,114.1,110.5,105.7,173.8,72.4,58.9,158.8,164.3,118.6,271.9,78.8,81.1,152.5,144.7,157.7,75.7
"JacksonCounty",235,384.8,102,267.7,224.5,172.2,496.1,74.2,137.8,213.9,122.4,48.8,39.9,109.7,242.2,246.8,307.5,136.8,53.8,184.6,393.5,462,42.3,255.1,92.3,149.8,564,210.2,80.3,40.8,524.9,185.1,32,77.8,208.4,502,110.5,13.8,64.9,199.5,103.6,561.2,182,117.8,232.9,34,61.8,348.1,291.2,100.5,219.7,442.9,208.3,136.8,450.8,116.3,173.5,59.7,114.6,240,145.8,150.7,78.5,181.1,187.6,538.3,155.2,212.9,210.2,128.9,273.5,172.2,107.9,131.1,71.4,167.2,371.6,72.8,139.5,95,41.2,72.5,175.4
"KalamazooCounty",273.6,420.2,39.6,306.3,220.1,210.8,538.8,34.8,176.4,199.8,60,61,29.5,47.2,232.7,282.3,342.9,172.3,89.2,220,429,462.8,59.2,253.2,130.9,185.3,567.6,196.1,115.8,79.9,567.7,223.7,75.9,71,247,505.1,145.9,64.8,12.4,192.7,62.3,604,133.4,156.4,218.8,101.2,108.9,383.5,326.7,159.7,189.8,478.4,159.8,122.9,441.7,151.7,169.8,133.1,101.9,275.4,97.2,102.2,137.7,132.6,226.2,568,144.5,251.5,245.7,73.5,309,207.6,147.5,189.6,34.2,205.8,407,112.4,178.1,32.6,100.4,131.7,161.3
"KalkaskaCounty",93.2,227.3,179,111.4,32.9,97.6,338.6,172.6,115.9,61.8,227.7,232.8,210,229.3,45.6,89.3,150,72.4,149.3,27.4,236.1,304.6,178.4,66,161.1,86.4,406.5,34.4,121.4,241.9,367.5,173.6,168.2,131.8,107.6,344.5,99.7,206,192.7,12.3,138.1,403.7,80.3,189.3,52.8,235.2,201,190.6,133.7,220.7,85.7,285.4,112.3,93.7,293.3,107.9,34.2,248.2,125.6,82.5,144.1,108.8,199.6,143.4,76.9,380.8,69,56.7,52.8,159.2,116.1,47.5,132.1,222.4,216.3,187,214.1,167.8,149.4,206,219.5,221.7,48.6
"KentCounty",225.6,360,48.5,243.8,165.5,166.5,471.3,36,131.4,145.2,97.2,110.9,72.5,98.9,178.1,222,282.7,119.9,70.8,159.8,368.7,437.2,70.5,198.6,112.4,135.9,539.2,141.5,77.2,129.8,500.1,205.2,72.4,37.5,205.4,477.2,84.6,110.2,62.3,138.1,15.2,536.4,79.9,138,164.2,139.4,105.4,323.3,266.4,167.2,136.3,418.1,106.2,68.3,426,110.2,115.2,166.5,43.9,215.2,43.6,48.6,139.5,79,174.7,513.5,90,189.1,185.4,28,248.7,147.4,115.4,171.1,85.8,187.3,346.8,93.9,159.6,75.6,137.9,150.9,106.7
"KeweenawCounty",427.3,176.7,577.2,393.9,381.7,456.8,69.3,571.2,475.1,431.6,550.8,594.6,571.7,569.2,372.4,331.9,286.8,434.2,511,388.6,188.9,148.3,540.1,332.1,520.3,441.6,139.4,404.7,483.2,603.7,41.8,532.8,529.9,526.7,466.8,111.7,461.5,567.8,604,403.7,536.4,39.7,487.5,548.5,423.1,597,560.3,246.9,275.5,579.9,455.4,123.3,510.6,490.9,194.1,469.6,423.1,607.4,507,370.9,542.3,507,558.9,541.7,436.1,84.4,472.4,404.4,359.2,557.5,365.2,406.8,491.3,581.7,605.3,546.2,209.3,529.5,508.7,582.4,578.8,581,452
"LakeCounty",176.7,311.1,119.7,195,107.7,117.7,422.4,114.3,116,64.3,168.4,184.5,160.5,170,120.3,173.2,233.8,71.1,131,110.9,319.9,388.4,148.8,140.8,157.7,87.1,490.3,71.1,103.2,210.9,451.3,173.7,150.7,107.9,156.5,428.3,78.3,188.6,133.4,80.3,79.9,487.5,12.3,185.9,85.5,217.7,183.7,274.4,217.6,217.3,56.1,369.3,27.3,46.6,377.1,93,66.4,244.8,78.6,166.3,70.7,35.4,196.3,58.4,125.8,464.7,41.1,140.2,136.6,98.8,199.9,98.5,120.8,219.1,157,183.6,297.9,149.5,146.1,146.8,216.2,218.4,46.6
"LapeerCounty",176.3,372.1,178.1,209,214.4,113.5,483.4,131,79.1,218.7,214,154.4,131.5,201.2,229.5,234.2,294.8,138.2,86.1,171.9,380.9,449.4,99.9,242.4,28.3,122.9,551.3,215,95.4,153.8,512.3,74.1,85.6,112.2,149.7,489.3,125.6,117.8,156.4,189.3,138,548.5,185.9,13.2,237.7,123.1,70.8,335.4,278.6,45.6,224.4,430.3,208.9,152,438.1,96.9,174.8,104.7,132.5,186.1,180.1,185.1,47.1,215.5,128.9,525.7,159.9,154.2,197.6,163.3,230.2,153.1,67.9,40.7,174.9,52.7,358.9,55.4,42.5,186.6,89.4,69.4,180.1
"LeelanauCounty",144.8,246.7,205,156.1,70.5,149.2,358,198.7,167.5,56.1,253.7,266.3,245.8,255.4,88,127.4,169.4,108.4,182.8,79.1,255.4,323.9,211.9,100.4,209.4,127,425.9,30.3,154.9,275.4,386.8,225.3,201.7,166.4,159.3,363.9,133.2,239.5,218.8,52.8,164.2,423.1,85.5,237.7,25.9,268.7,234.7,210,153.1,269,75.2,304.8,103.7,119.7,312.6,144.7,77.5,296.5,151.7,121.3,164.4,119,248,138.9,128.6,400.2,95,108.3,91.5,194.3,154.1,99.2,172.5,270.8,242.3,235.3,233.5,201.2,197.8,232.1,267.9,270.1,60.6
"LenaweeCounty",240.3,420.5,138.3,272.9,260.3,177.4,531.8,110.5,143.1,249.7,158.7,59.5,76.2,113.8,277.9,282.6,343.2,172.6,89.5,220.3,429.3,497.8,78,290.8,97.5,185.6,599.7,246,116.1,33.3,560.7,190.3,67.8,113.6,213.7,537.7,146.2,34,101.2,235.2,139.4,597,217.7,123.1,268.7,14.2,67.1,383.8,327,98.9,255.4,478.7,244.1,172.6,486.5,160.9,209.2,41.9,150.3,250.1,181.5,186.5,76.8,216.9,192.9,574.1,190.9,218.2,246,164.7,309.3,207.9,131.9,123.1,87.6,156.1,407.3,88.5,144.7,131.3,36.8,65.8,211.1
"LivingstonCounty",188,383.8,130.7,220.7,226.1,125.2,495.1,83.5,90.8,215.7,166.5,106.9,84,153.7,241.2,245.9,306.5,138.6,55.5,183.6,392.6,461.1,52.4,254.1,45.3,134.6,563,212,82,97.8,524,138.1,34.1,79.6,161.4,501,112.2,61.8,108.9,201,105.4,560.3,183.7,70.8,234.7,67.1,12.4,347.1,290.3,57,221.4,442,210,138.6,449.8,108.6,175.2,62,116.3,197.8,147.5,152.5,35,182.9,140.6,537.4,156.9,165.9,209.3,130.7,241.9,164.8,79.6,86.4,127.3,120.2,370.6,46.6,92.5,139,33.4,46.4,177.1
"LuceCounty",214.2,70.5,364.1,180.8,168.6,243.7,181.8,358.1,262,218.5,412.8,381.5,358.6,414.4,159.3,118.8,68.3,221.1,297.9,175.5,108.2,176.7,327,119,307.2,228.5,258.6,191.6,270.1,390.6,210.7,319.7,316.8,313.5,253.7,204.6,248.3,354.6,383.5,190.6,323.3,246.9,274.4,335.4,210,383.8,347.1,22.5,63.1,366.8,242.3,128.7,297.4,277.8,165.4,256.5,210,394.3,293.9,157.8,329.2,293.9,345.7,328.5,223,224.1,259.3,191.3,146.1,344.4,152.1,193.7,278.2,368.6,401.9,333.1,86.2,316.4,295.5,391.1,365.7,367.9,238.9
"MackinacCounty",157.3,99.1,307.2,123.9,111.7,186.8,210.4,301.2,205.1,161.6,355.9,324.6,301.7,357.5,102.4,61.9,47.7,164.2,241.1,118.7,107.8,176.3,270.1,62.1,250.3,171.6,278.3,134.7,213.2,333.7,239.2,262.9,260,256.7,196.9,216.3,191.5,297.8,326.7,133.7,266.4,275.5,217.6,278.6,153.1,327,290.3,63.1,23.6,309.9,185.4,157.2,240.6,220.9,165.1,199.6,153.1,337.4,237,100.9,272.3,237,288.9,271.7,166.1,252.6,202.4,134.4,89.2,287.5,95.2,136.8,221.3,311.7,345.1,276.2,85.9,259.5,238.7,334.3,308.8,311,182.1
"MacombCounty",207.7,403.5,196.9,240.4,245.7,144.9,514.8,139.6,110.5,250.1,217.3,148.1,134.8,204.5,260.9,265.6,326.2,169.6,115.3,203.3,412.3,480.8,108.6,273.8,63,154.3,582.7,246.4,125.3,136.5,543.7,98.4,90.3,141.3,181.1,520.7,155.5,100.5,159.7,220.7,167.2,579.9,217.3,45.6,269,98.9,57,366.8,309.9,12.3,255.8,461.6,240.3,181.8,469.5,128.3,206.2,67.7,162.4,217.5,209.3,214.3,23.4,244.7,160.3,557,191.3,185.6,229,192.4,261.6,184.5,99.3,34.4,170.7,67.4,390.3,84.6,84.2,189.8,71.8,31.5,211.5
"ManisteeCounty",177.7,279,146.8,188.4,102.9,144.4,390.3,170.7,154.5,27.3,192.7,240.9,216.9,202.3,120.4,159.7,201.7,95.2,169.5,111.9,287.7,356.3,205.2,132.7,196.2,113.8,458.2,62.6,141.6,267.3,419.1,212.2,188.4,172.2,169,396.2,119.9,226.2,189.8,85.7,136.3,455.4,56.1,224.4,75.2,255.4,221.4,242.3,185.4,255.8,18.4,337.1,33,99.7,345,131.5,78.8,283.3,131.6,153.6,93.8,88.5,234.7,68.2,138.3,432.5,81.8,141.2,123.8,123.7,186.4,111,159.2,257.6,213.4,222.1,265.8,188,184.5,179.6,254.6,256.8,56
"MarquetteCounty",309,58.5,458.9,275.6,263.4,338.5,58.2,452.9,356.8,313.3,476,476.3,453.4,494.4,254.1,213.6,168.5,315.9,392.8,270.4,67.3,69.5,421.9,213.9,402,323.3,135,286.4,364.9,485.4,87,414.6,411.7,408.4,348.6,80.9,343.2,449.5,478.4,285.4,418.1,123.3,369.3,430.3,304.8,478.7,442,128.7,157.2,461.6,337.1,30.1,392.3,372.6,110.8,351.3,304.9,489.1,388.7,252.6,424,388.7,440.6,423.4,317.9,100.4,354.1,286.1,240.9,439.2,246.9,288.5,373,463.4,496.8,427.9,91.1,411.2,390.4,486,460.5,462.7,333.8
"MasonCounty",199.7,334.1,116.7,218,139.7,140.7,445.4,140.6,139,55.9,162.6,210.8,186.8,172.2,152.3,196.2,256.8,94.1,154,133.9,342.9,411.4,175.1,161.3,180.7,110.1,513.3,91.2,126.2,237.2,474.3,196.7,177,142.2,179.5,451.3,101.3,214.9,159.8,112.3,106.2,510.6,27.3,208.9,103.7,244.1,210,297.4,240.6,240.3,33,392.3,18.1,69.6,400.1,116,89.4,271.2,101.6,189.3,63.7,58.4,219.3,38.2,148.8,487.7,64.1,163.2,159.6,93.6,222.9,121.5,143.8,242.1,183.3,206.6,321,172.5,169.1,149.5,242.6,255.6,71.9
"MecostaCounty",180,314.5,109.2,198.3,121,110.1,425.7,102.8,80.4,100.7,157.8,146.2,119.8,159.5,133.7,176.5,237.1,65,86.7,114.3,323.2,391.7,105.7,154.1,123.7,79.5,493.6,97.1,58.8,165.1,454.6,138.1,105.6,61.7,146.4,431.6,32.4,143.4,122.9,93.7,68.3,490.9,46.6,152,119.7,172.6,138.6,277.8,220.9,181.8,99.7,372.6,69.6,12.3,380.4,57.9,70.7,199.7,44,169.6,74.3,39,160.8,72.6,116.8,468,41.4,143.5,139.9,89.4,203.2,101.8,85.3,185.1,146.4,148,301.3,105.1,110.5,136.2,171.1,184.1,62.2
"MenomineeCounty",316.9,103.5,447.8,283.4,271.3,346.4,129,474,364.7,321.1,388.6,459.2,468.7,407,262,221.4,205.2,323.7,400.6,278.2,56.7,49.7,429.7,221.7,409.9,331.2,157.3,294.2,372.7,496.6,157.9,422.4,419.5,416.2,356.4,95.3,351,457.3,441.7,293.3,426,194.1,377.1,438.1,312.6,486.5,449.8,165.4,165.1,469.5,345,110.8,400.1,380.4,18.8,359.2,312.7,497,396.5,260.5,431.9,396.6,448.4,214.8,325.7,157.6,362,293.9,248.8,461.7,254.8,296.3,380.9,471.3,443,435.8,109.2,419.1,398.2,420.2,468.3,470.5,341.6
"MidlandCounty",124.2,293.2,151,142.3,132.9,61.3,404.5,126.2,27,125.7,199.6,149.6,126.8,196.5,150.6,155.2,215.9,45.2,66.1,93,301.9,370.5,95.2,163.5,68.7,30,472.4,122.1,38.2,158.8,433.4,84.7,85,91.9,97.6,410.4,28.5,122.8,151.7,107.9,110.2,469.6,93,96.9,144.7,160.9,108.6,256.5,199.6,128.3,131.5,351.3,116,57.9,359.2,11.8,81.9,155.8,74,119.5,123.2,96.2,107.2,147.1,62.3,446.7,67,87.6,118.6,131.2,181.9,67.2,31.7,130,170.1,94.6,280,68.2,57,181.8,127.1,129.3,87.2
"MissaukeeCounty",112.3,246.7,156,130.6,61,82.1,358,149.7,100.4,63.4,204.7,206.9,184,206.4,73.6,108.8,169.4,46.4,123.3,46.5,255.5,324,152.4,94.1,146.6,60.4,425.9,50,95.4,216,386.9,158.1,142.2,106.5,92.1,363.9,73.7,180,169.8,34.2,115.2,423.1,66.4,174.8,77.5,209.2,175.2,210,153.1,206.2,78.8,304.9,89.4,70.7,312.7,81.9,12.3,233.7,88.8,101.9,121.1,85.8,185.1,120.5,61.4,400.2,46,75.8,72.2,136.3,135.5,34.1,109.6,208,193.3,172.5,233.5,141.8,134.9,183.1,205.1,207.2,30.9
"MonroeCounty",235.2,431,170.2,267.8,273.2,172.3,542.3,142.4,137.9,277.5,190.6,88.1,108.1,170.8,288.4,293,353.7,197,116.7,230.8,439.7,508.3,113.6,301.3,92.4,181.8,610.2,273.8,143.2,70.6,571.1,163.9,95.3,140.7,208.6,548.2,173.4,59.7,133.1,248.2,166.5,607.4,244.8,104.7,296.5,41.9,62,394.3,337.4,67.7,283.3,489.1,271.2,199.7,497,155.8,233.7,13.4,177.5,245,208.6,213.6,62.1,244,187.8,584.5,218.8,213.1,256.4,191.8,289,212,126.8,96.7,116.2,129.8,417.8,112,139.6,163.2,37,43.5,239
"MontcalmCounty",196.1,330.5,88.2,214.4,153,126.2,441.8,74.3,86.3,132.7,136.9,121.9,95.5,138.5,165.6,192.6,253.3,81.1,67.2,130.4,339.3,407.8,81.4,186.1,104.3,95.6,509.7,129,43.7,140.8,470.7,144,83.3,37.4,162.4,447.7,48.5,121.2,101.9,125.6,43.9,507,78.6,132.5,151.7,150.3,116.3,293.9,237,162.4,131.6,388.7,101.6,44,396.5,74,88.8,177.5,13.8,185.7,66.6,52.6,150.5,90.4,132.9,484.1,66,159.6,156,68.5,219.3,117.9,70.2,165.7,125.5,135.9,317.4,85.7,99.4,115.3,148.9,161.9,94.2
"MontmorencyCounty",57.4,194.5,256,37,76.8,94.4,305.8,249.9,112.7,129.8,304.7,273.4,250.5,306.3,69.9,47.4,117.2,112.9,189.8,67.4,203.2,271.8,218.9,64.8,157.9,95.1,373.7,102.8,161.9,282.5,334.6,170.4,208.7,205.4,70.4,311.7,140.2,246.5,275.4,82.5,215.2,370.9,166.3,186.1,121.3,250.1,197.8,157.8,100.9,217.5,153.6,252.6,189.3,169.6,260.5,119.5,101.9,245,185.7,12.2,221.1,185.8,196.4,220.4,57.8,348,151.2,34.5,32.3,236.3,45,78.3,128.9,219.3,293.8,183.8,181.3,182.4,146.2,283,216.4,218.5,130.8
"MuskegonCounty",231.5,365.9,54.2,249.7,171.4,172.4,477.2,78.1,144.5,116.6,100,148.2,124.3,109.6,184.1,227.9,288.6,125.8,112.9,165.7,374.6,443.2,112.6,204.5,154.5,141.9,545.1,139.9,101.9,174.6,506,202.2,114.5,79.6,211.3,483.1,97.7,152.3,97.2,144.1,43.6,542.3,70.7,180.1,164.4,181.5,147.5,329.2,272.3,209.3,93.8,424,63.7,74.3,431.9,123.2,121.1,208.6,66.6,221.1,19.7,44.5,181.6,36.5,180.6,519.4,95.9,195,191.3,31.1,254.6,153.3,128.4,213.2,120.8,194.1,352.7,136.1,157.6,87,180,193,112.6
"NewaygoCounty",196.2,330.6,88.5,214.4,136.1,137.1,441.9,83.1,135.5,97.8,137.1,153.2,129.2,138.8,148.8,192.6,253.3,90.6,108.4,130.4,339.4,407.9,117.6,169.2,159.5,106.6,509.8,104.6,80.5,179.6,470.8,193.2,119.5,84.6,176,447.8,70.7,157.3,102.2,108.8,48.6,507,35.4,185.1,119,186.5,152.5,293.9,237,214.3,88.5,388.7,58.4,39,396.6,96.2,85.8,213.6,52.6,185.8,44.5,15.1,186.6,43.8,145.3,484.1,60.6,159.7,156.1,67.5,219.4,118,107,218.2,125.7,172.7,317.4,126.9,136.2,115.5,185,198,77.3
"OaklandCounty",186.6,382.4,174.8,219.3,224.7,123.8,493.7,117.6,89.4,229,195.2,126.1,112.7,182.5,239.8,244.5,305.1,148.5,89.7,182.2,391.2,459.7,86.6,252.7,42,133.2,561.6,225.3,104.3,114.4,522.6,110.8,68.3,113.7,160,499.6,134.4,78.5,137.7,199.6,139.5,558.9,196.3,47.1,248,76.8,35,345.7,288.9,23.4,234.7,440.6,219.3,160.8,448.4,107.2,185.1,62.1,150.5,196.4,181.6,186.6,15.5,217,139.2,536,170.2,164.5,207.9,164.8,240.5,163.4,78.2,52.8,148.7,85.8,369.3,63.5,77,167.8,49.7,22,190.4
"OceanaCounty",230.8,365.3,89.6,249.1,170.8,171.8,476.5,113.5,170.1,91.1,135.4,183.6,159.6,145,183.4,227.3,288,125.2,148.3,165.1,374,442.5,148,203.9,189.9,141.2,331.4,126.4,118.3,210,505.4,227.9,149.9,115,210.6,482.4,104.3,187.7,132.6,143.4,79,541.7,58.4,215.5,138.9,216.9,182.9,328.5,271.7,244.7,68.2,423.4,38.2,72.6,214.8,147.1,120.5,244,90.4,220.4,36.5,43.8,217,18.6,179.9,518.8,95.2,194.3,190.7,66.4,254,152.6,144.8,248.6,156.1,210.5,352.1,171.4,174,122.4,215.4,228.4,103.1
"OgemawCounty",62.3,259.7,215.5,80.6,101.9,37.2,371,200.8,55.5,122.9,264.2,224.2,201.3,271,117.1,121.8,182.4,61.1,130.7,59.5,268.5,337,169.7,130,100.7,37.9,438.9,110.2,107.2,223.6,399.9,113.2,155.4,153.4,39.1,376.9,87.4,187.6,226.2,76.9,174.7,436.1,125.8,128.9,128.6,192.9,140.6,223,166.1,160.3,138.3,317.9,148.8,116.8,325.7,62.3,61.4,187.8,132.9,57.8,180.6,145.3,139.2,179.9,12.3,413.3,98.4,25.8,85.2,195.8,101.8,40.7,71.7,162.1,244.6,126.6,246.5,125.2,89.1,256.3,159.2,161.4,90.3
"OntonagonCounty",404.4,153.9,574.1,371,358.8,433.9,52.6,548.3,452.2,408.7,514.8,585.5,548.8,533.3,349.5,309,263.9,411.3,488.1,365.8,166,111.8,517.2,309.2,497.4,418.7,65.4,381.8,460.3,580.8,49.6,510,507,503.8,444,76.3,438.6,544.9,568,380.8,513.5,84.4,464.7,525.7,400.2,574.1,537.4,224.1,252.6,557,432.5,100.4,487.7,468,157.6,446.7,400.2,584.5,484.1,348,519.4,484.1,536,518.8,413.3,31.5,449.5,381.5,336.3,534.6,342.3,383.9,468.4,558.8,569.3,523.3,186.4,506.6,485.8,546.5,555.9,558.1,429.2
"OsceolaCounty",161.6,296,130.8,179.9,96.3,91.7,407.3,124.4,90,76,179.5,168.3,141.9,181.1,109,158.1,218.7,45.1,105,95.8,304.8,373.3,134.1,129.4,131.7,61.1,475.2,72.4,77.2,197.7,436.2,147.7,123.9,83.7,127.9,413.2,54.5,161.7,144.5,69,90,472.4,41.1,159.9,95,190.9,156.9,259.3,202.4,191.3,81.8,354.1,64.1,41.4,362,67,46,218.8,66,151.2,95.9,60.6,170.2,95.2,98.4,449.5,12.3,125.1,121.5,111.1,184.8,83.4,94.7,193.1,168.1,157.6,282.8,123.5,120,157.8,190.1,192.3,37.5
"OscodaCounty",39,228,229.9,57.3,81.7,62.5,339.3,226,80.8,117.3,278.5,249.4,226.6,280.2,98.9,80.9,150.7,86.8,163.7,32.8,236.7,305.2,195,98.3,126,63.2,407.1,89.9,135.8,248.9,368.1,138.5,180.7,179.3,52.1,345.1,114.1,212.9,251.5,56.7,189.1,404.4,140.2,154.2,108.3,218.2,165.9,191.3,134.4,185.6,141.2,286.1,163.2,143.5,293.9,87.6,75.8,213.1,159.6,34.5,195,159.7,164.5,194.3,25.8,381.5,125.1,12.3,66.9,210.1,78.5,46.4,97,187.4,269.9,151.9,214.8,150.4,114.3,256.9,184.4,186.6,104.7
"OtsegoCounty",87.4,182.8,226.3,67.1,47.1,105.8,294.1,220.2,124.1,100,274.9,243.6,220.7,276.6,40.2,44.8,105.5,83.2,160.1,37.7,191.5,260,189.2,53.1,169.3,90.6,362,73.1,132.2,252.7,322.9,181.9,179,175.7,115.9,300,110.5,216.8,245.7,52.8,185.4,359.2,136.6,197.6,91.5,246,209.3,146.1,89.2,229,123.8,240.9,159.6,139.9,248.8,118.6,72.2,256.4,156,32.3,191.3,156.1,207.9,190.7,85.2,336.3,121.5,66.9,11.8,206.5,71.5,55.8,140.4,230.7,264.1,195.2,169.6,178.6,157.7,253.3,227.8,230,101.1
"OttawaCounty",246.6,381.1,34.2,264.9,186.6,187.6,492.4,57.4,152.5,146.5,80,124.5,100.5,89.6,199.2,243.1,303.8,141,96.1,180.9,389.8,482.8,95.8,219.7,137.7,157,587.7,162.6,101.8,150.9,521.2,230.5,97.7,62.8,226.5,525.2,105.7,135.5,73.5,159.2,28,557.5,98.8,163.3,194.3,164.7,130.7,344.4,287.5,192.4,123.7,439.2,93.6,89.4,461.7,131.2,136.3,191.8,68.5,236.3,31.1,67.5,164.8,66.4,195.8,534.6,111.1,210.1,206.5,20.8,269.8,168.4,136.5,196.4,97,212.6,367.9,119.2,184.9,67,163.2,176.2,127.8
"PresqueIsleCounty",81.2,188.8,289.6,46.6,109.7,123.1,300.1,283.5,156.8,162.6,338.2,306.9,284,339.9,102.8,41.7,111.5,146.5,223.4,101,197.5,266,252.5,59.1,201.9,153.9,368,135.7,195.5,316,328.9,214.5,242.3,239,94.3,306,173.8,280.1,309,116.1,248.7,365.2,199.9,230.2,154.1,309.3,241.9,152.1,95.2,261.6,186.4,246.9,222.9,203.2,254.8,181.9,135.5,289,219.3,45,254.6,219.4,240.5,254,101.8,342.3,184.8,78.5,71.5,269.8,26.1,119.1,173,263.3,327.4,227.8,175.6,226.4,190.3,316.6,260.4,262.6,164.4
"RoscommonCounty",82.9,230.4,188.2,101.2,72.6,61.3,341.6,182.1,79.7,95.5,236.9,205.5,182.7,238.5,87.8,92.4,153.1,45.1,122,30.2,239.1,307.6,151.1,100.7,124.9,39.8,409.5,80.8,94.1,214.6,370.5,137.4,140.9,137.6,71.4,347.5,72.4,178.7,207.6,47.5,147.4,406.8,98.5,153.1,99.2,207.9,164.8,193.7,136.8,184.5,111,288.5,121.5,101.8,296.3,67.2,34.1,212,117.9,78.3,153.3,118,163.4,152.6,40.7,383.9,83.4,46.4,55.8,168.4,119.1,12.4,95.9,186.3,226,150.8,217.2,140.5,113.2,215.2,183.3,185.5,63
"SaginawCounty",119.2,315,156.2,151.8,157.2,56.4,426.3,122,22,153.5,205,145.4,122.5,192.3,172.4,177.1,237.7,73,64.9,114.8,323.8,392.3,90.9,185.3,39.4,57.7,494.2,149.8,41.4,150.4,455.2,79.7,76.7,87.6,92.6,432.2,58.9,114.5,147.5,132.2,115.4,491.4,120.8,67.6,172.5,131.6,79.3,278.3,221.4,99,159.2,373.1,143.8,85.3,381,31.7,109.6,126.5,70.2,129,128.4,107,77.9,144.8,71.8,468.5,94.7,97.1,140.4,136.5,173.1,96,14.7,100.8,165.9,69.8,301.8,45.7,33.2,177.6,97.8,100,114.9
"StClairCounty",209.4,405.3,211.3,242.1,247.5,146.6,516.6,164.1,112.2,251.8,247.1,187.5,164.6,234.4,262.7,267.3,328,171.3,119.3,205.1,414,482.5,133.1,275.6,61.4,156.1,584.5,248.1,128.6,153.9,545.4,85.9,118.8,145.3,182.9,522.5,158.8,131.1,189.6,222.4,171.1,581.7,219.1,40.7,270.8,123.1,86.4,368.6,311.7,34.4,257.6,463.4,242.1,185.1,471.3,130,208,96.7,165.7,219.3,213.2,218.2,52.8,248.6,162.1,558.8,193.1,187.4,230.7,196.4,263.3,186.3,101.1,14.9,208,45.8,392.1,88.5,79.3,219.7,95.4,60.6,213.3
"StJosephCounty",292,438.6,63.1,324.7,243.6,229.2,540.2,66.5,194.8,223.3,58.7,31.8,47.9,30.6,256.3,300.7,361.3,190.7,107.6,238.4,447.4,464.1,77.6,276.7,149.3,203.7,569,219.6,134.2,59.1,569,242.1,94.3,90.9,265.4,506.5,164.3,71.4,34.2,216.3,85.8,605.3,157,174.9,242.3,87.6,127.3,401.9,345.1,170.7,213.4,496.8,183.3,146.4,443,170.1,193.3,116.2,125.5,293.8,120.8,125.7,148.7,156.1,244.6,569.3,168.1,269.9,264.1,97,327.4,226,165.9,208,11.7,224.2,425.5,130.8,196.5,56.1,111.4,142.7,184.8
"SanilacCounty",174,369.8,227.4,206.6,212,111.1,481.1,180.3,71.1,216.3,263.3,203.7,180.8,250.6,227.2,231.8,292.5,135.8,135.4,169.6,378.5,447,149.2,240.1,77.6,120.6,549,212.6,107.1,203.1,509.9,47.6,134.9,161.5,147.4,487,118.7,167.2,205.8,187,187.3,546.2,183.6,52.7,235.3,156.1,120.2,333.1,276.2,67.4,222.1,427.9,206.6,148.1,435.8,94.6,172.5,129.8,135.9,183.8,194.1,172.7,85.8,210.5,126.6,523.3,157.6,151.9,195.2,212.6,227.8,150.8,69.9,45.8,224.2,20.5,356.6,104.7,43.2,235.9,138.7,93.6,177.8
"SchoolcraftCounty",237.7,32.9,387.6,204.3,192.1,267.2,144.2,381.6,285.5,242,436.3,405,382.1,437.9,182.8,142.3,126.1,244.6,321.4,199,52,120.5,350.5,142.5,330.7,252,221,215.1,293.6,414.1,173.1,343.2,340.3,337.1,277.2,160.4,271.9,378.1,407,214.1,346.8,209.3,297.9,358.9,233.5,407.3,370.6,86.2,85.9,390.3,265.8,91.1,321,301.3,109.2,280,233.5,417.8,317.4,181.3,352.7,317.4,369.3,352.1,246.5,186.4,282.8,214.8,169.6,367.9,175.6,217.2,301.7,392.1,425.5,356.6,22.3,339.9,319.1,414.6,389.2,391.4,262.4
"ShiawasseeCounty",172.5,353.1,134.1,205.2,192.8,109.7,464.4,86.9,75.3,182.2,169.9,110.3,87.5,157.2,210.5,215.1,275.8,105.1,32.1,152.9,361.9,430.4,55.9,223.4,29.8,94.2,532.3,178.6,48.6,115.3,493.3,122.6,41.6,55.2,146,470.3,78.8,79.4,112.4,167.8,93.9,529.5,149.5,55.4,201.2,88.5,46.6,316.4,259.5,84.6,188,411.2,172.5,105.1,419.1,68.2,141.8,112,85.7,182.4,136.1,126.9,63.5,171.4,125.2,506.6,123.5,150.4,178.6,119.2,226.4,140.5,45.7,88.5,130.8,104.7,339.9,12,77,142.5,83.4,85.6,143.7
"TuscolaCounty",136.4,332.3,199.7,169.1,174.5,73.6,443.5,152.6,33.5,178.8,235.6,176,153.1,222.9,189.6,194.3,254.9,98.3,107.8,132.1,341,409.5,121.5,202.5,50.5,83,511.4,175.1,70.6,175.4,472.4,45.7,107.3,133.8,109.8,449.4,81.2,139.5,178.1,149.4,159.6,508.7,146.1,42.5,197.8,144.7,92.5,295.5,238.7,84.2,184.5,390.4,169.1,110.6,398.2,57,134.9,139.6,99.4,146.2,157.6,136.2,77,174,89.1,485.8,120,114.3,157.7,184.9,190.3,113.2,33.3,79.3,196.5,43.2,319.1,77,15.6,208.2,111,99.3,140.3
"VanBurenCounty",303.7,427.8,35.1,311.7,233.4,240.9,517.3,64.9,206.5,202.5,38.5,83.6,59.6,38,246,289.9,350.5,187.8,119.3,227.6,436.6,441.3,89.3,266.5,161,203.8,546.1,209.4,145.9,110,546.2,253.8,106,100,277.1,483.6,152.5,94.9,32.6,206,75.6,582.4,146.8,186.6,232.1,131.3,139,391.1,334.3,189.8,179.6,486,149.5,136.2,420.2,181.8,183.1,163.2,115.3,283,87,115.5,167.8,122.4,256.3,546.5,157.8,256.9,253.3,67,316.6,215.2,177.6,219.7,56.1,235.9,414.6,142.5,208.2,17,130.5,161.8,174.6
