"County","AlachuaCounty","BakerCounty","BayCounty","BradfordCounty","BrevardCounty","BrowardCounty","CalhounCounty","CharlotteCounty","CitrusCounty","ClayCounty","CollierCounty","ColumbiaCounty","DeSotoCounty","DixieCounty","DuvalCounty","EscambiaCounty","FlaglerCounty","FranklinCounty","GadsdenCounty","GilchristCounty","GladesCounty","GulfCounty","HamiltonCounty","HardeeCounty","HendryCounty","HernandoCounty","HighlandsCounty","HillsboroughCounty","HolmesCounty","IndianRiverCounty","JacksonCounty","JeffersonCounty","LafayetteCounty","LakeCounty","LeeCounty","LeonCounty","LevyCounty","LibertyCounty","MadisonCounty","ManateeCounty","MarionCounty","MartinCounty","MiamiDadeCounty","MonroeCounty","NassauCounty","OkaloosaCounty","OkeechobeeCounty","OrangeCounty","OsceolaCounty","PalmBeachCounty","PascoCounty","PinellasCounty","PolkCounty","PutnamCounty","StJohnsCounty","StLucieCounty","SantaRosaCounty","SarasotaCounty","SeminoleCounty","SumterCounty","SuwanneeCounty","TaylorCounty","UnionCounty","VolusiaCounty","WakullaCounty","WaltonCounty","WashingtonCounty"
"AlachuaCounty",16,65.8,245.2,27.8,176.8,318.2,207.7,230.4,73.1,48.9,295.9,42.7,201.6,53.9,75.9,337.6,83.3,184.4,172.5,41.3,239,245.1,71.4,176.7,261.1,110.8,190.5,139.9,247.9,220.3,210.5,124.1,65.8,88.8,263.8,146.9,42.2,196.4,96.7,176.3,50.2,249.5,353.1,460.9,84.8,297.2,214.7,118.8,136.3,281.8,124.4,155.3,152.8,48.3,76.9,228.8,320.6,200.9,124.4,74.3,61,90.3,34.5,115.7,169.4,269.2,239.3
"BakerCounty",65.8,12.5,229.9,40.4,201.1,355.6,192.3,282.1,124.8,48.6,347.6,31.6,253.4,91.2,40.4,322.3,102.1,197.6,157.1,78.6,290.7,229.8,56,228.4,312.9,162.5,242.2,191.6,232.6,244.5,195.1,108.7,77,135.3,315.5,131.5,106.3,181.1,81.4,228,96.8,289.7,390.5,498.3,47.3,281.8,266.5,177.5,188,319.2,176.2,207.1,204.5,76.4,83.5,266.2,305.3,252.7,169.7,126,58.2,101.6,35.6,139.3,154.1,253.9,223.9
"BayCounty",245.2,229.9,16.5,241.6,412,553.4,39.1,465.6,283.2,262.1,531.1,206.2,436.9,205.9,265.4,133.8,327,80.2,79.1,227.1,474.2,51.3,195.3,411.9,496.3,300.5,425.7,375.1,61.6,455.5,55,127.1,191.1,324,499,105.1,242.1,74.7,152.7,411.5,285.4,484.7,588.3,696.1,274.2,79.5,449.9,354,371.5,517,320.9,357.2,388,289.6,308.5,464,116.8,436.1,359.6,309.5,188.4,163.6,225.2,364.3,101.7,57.1,34.6
"BradfordCounty",27.8,40.4,241.6,8.9,170.7,331.9,204,244.1,86.8,23.5,309.6,37,215.4,79.7,50.5,334,80.7,209.3,168.8,67.2,252.7,241.5,67.7,190.4,274.9,124.5,204.2,153.6,244.2,214.2,206.8,120.4,78.7,97.3,277.5,143.2,62.1,192.8,93.1,190,58.7,263.2,366.8,474.6,59.4,293.5,228.4,132.5,150,295.5,138.1,169,166.5,42.7,62.2,242.5,317,214.7,132.9,88,69.8,103.3,17,109,165.7,265.6,235.6
"BrevardCounty",176.8,201.1,412,170.7,20.3,161.8,374.4,220.1,140,159.1,223.6,209.4,165.3,204.1,164.8,504.4,102.8,343.4,339.2,193.5,134.3,411.9,238.1,140.3,154.4,131.2,145.4,129.7,414.7,50.6,377.3,290.8,232.6,99.2,191.5,313.6,179.7,363.2,263.5,166.1,129,95.9,196.7,304.5,189.3,464,101.6,60.9,55.3,125.3,147.8,150.6,107.7,138.6,127.4,72.4,487.4,190.7,60.4,112.6,227.8,247.5,184.3,72.6,301.2,436,406
"BrowardCounty",318.2,355.6,553.4,331.9,161.8,18.7,515.8,170.6,281.4,313.6,97.1,350.8,162.2,345.5,319.4,645.8,257.4,484.8,480.6,334.9,100.9,553.3,379.5,173,97.2,272.5,145.9,237.9,556,122.7,518.6,432.2,373.9,240.6,136,455,321.1,504.6,404.9,222.9,270.4,74.3,37.4,145.2,343.9,605.3,113.6,210.9,182.5,36.8,259.9,260.3,197.3,293.2,281.9,91.4,628.8,196,215,254,369.2,388.9,344.2,227.1,442.6,577.4,547.4
"CalhounCounty",207.7,192.3,39.1,204,374.4,515.8,12.3,428,245.6,224.5,493.5,168.6,399.3,168.4,227.8,157.2,289.5,71,41.5,189.5,436.6,44.2,157.7,374.3,458.7,262.9,388.1,337.5,67.4,417.9,27.4,89.5,153.5,286.4,461.4,67.5,204.6,37.1,115.1,373.9,247.8,447.1,550.7,658.5,236.6,94.7,412.3,316.4,333.9,479.4,283.3,319.6,350.4,252.1,270.9,426.4,140.2,398.6,322,271.9,150.8,126.1,187.6,326.7,64.1,72.3,49.8
"CharlotteCounty",230.4,282.1,465.6,244.1,220.1,170.7,428,15.1,176.5,259.2,73.7,263,33.1,246.1,292.2,558,249.1,385.5,392.8,247.1,84.2,465.5,291.7,57.1,81.2,149.1,80.5,97.2,468.2,156.2,430.8,344.4,286.1,177.6,41.6,367.2,217.3,416.8,317,60.4,190.7,143,181.9,268.1,301,517.5,104.6,173.4,171.4,149.5,123.6,97.7,91.4,241.4,273.7,134.6,541,33.5,189.1,157.8,281.4,289.6,256.4,214,343.3,489.6,459.6
"CitrusCounty",73.1,124.8,283.2,86.8,140,281.4,245.6,176.5,14.3,101.9,242,105.7,154.3,80.5,134.9,375.6,115.8,219.9,210.4,76.2,202.2,267.3,134.4,129.3,224.4,40.8,153.7,74.6,285.8,183.5,248.4,162,116.6,57.4,209.9,178.2,51.7,217.8,159.7,122.4,33.4,212.7,316.3,424.1,143.7,335.1,177.9,82,99.5,245,50,97.5,104.5,84.1,117.8,192,358.6,147.1,93,37.5,114.3,124,99,105.7,177.7,307.2,277.2
"ClayCounty",48.9,48.6,262.1,23.5,159.1,313.6,224.5,259.2,101.9,13.1,324.7,57.5,230.5,100.8,39.2,354.5,60.1,229.8,189.3,88.3,267.8,262,88.2,205.5,290,139.6,219.3,168.7,264.7,202.5,227.3,140.9,97.9,104.5,292.6,163.7,83.2,213.3,113.6,205.1,73.8,247.8,348.6,456.4,59.5,314,239.5,135.5,161,277.2,153.3,184.1,181.6,44,41.6,224.3,337.5,229.8,127.7,103.1,90.3,122.5,37.5,97.3,186.2,286.1,256.1
"CollierCounty",295.9,347.6,531.1,309.6,223.6,97.1,493.5,73.6,242,324.7,24.7,328.5,86.6,311.6,357.7,623.5,273.6,451,458.3,312.6,91.6,531,357.2,104.4,88.6,214.6,117.7,162.7,533.7,184.5,496.3,409.9,351.6,210.7,39,432.7,282.8,482.3,382.5,125.9,256.3,164.1,108.3,196.4,366.6,583,137.9,197.8,195.8,126.6,189.1,163.3,138.7,306.9,298.1,162.9,606.5,99,213.5,223.3,346.9,355.1,321.9,238.4,408.8,555.1,525.1
"ColumbiaCounty",42.7,31.6,206.2,37,209.4,350.8,168.6,263,105.7,57.5,328.5,14.6,234.3,59.6,67.1,298.6,128.8,173.9,133.4,47.1,271.6,206.1,32.3,209.3,293.8,143.4,223.1,172.5,208.8,252.9,171.4,85,46.7,121.4,296.4,107.8,74.8,157.4,57.6,208.9,82.8,282.1,385.7,493.5,76,258.1,247.4,151.4,168.9,314.4,157.1,187.9,185.4,76.2,110.2,261.4,281.6,233.6,157,106.9,34.5,71.3,20.6,148.3,130.3,230.2,200.2
"DeSotoCounty",201.6,253.4,436.9,215.4,165.3,162.2,399.3,32.8,154.3,230.5,86.6,234.3,13,223.9,256.4,529.3,194.3,363.3,364.1,218.4,66.1,436.8,263,25.1,88.2,131.9,48.5,87.7,439.5,124.2,402.1,315.7,257.4,131.5,54.5,338.5,195.1,388,288.3,50.9,153.7,111,173.4,280,280.9,488.8,72.6,118.6,116.6,146.2,114.1,88.2,59.4,197.7,218.9,102.6,512.3,57.4,134.3,125.6,252.7,267.3,227.6,159.2,321.1,460.8,430.9
"DixieCounty",53.9,91.2,205.9,79.7,204.1,345.5,168.4,246.1,80.5,100.8,311.6,59.6,223.9,15.1,126.6,298.3,134.5,142.6,133.2,30.8,266.2,190.1,76,198.9,288.4,97.9,217.8,142.9,208.6,247.5,171.2,84.7,39.3,116,279.6,100.9,39.5,140.5,83.8,192.1,77.5,276.8,380.4,488.2,135.5,257.9,242,146.1,163.5,309,118.3,154.6,180.1,94.4,128.2,256.1,281.3,216.7,151.6,101.6,52.9,46.7,75.1,145.1,100.5,229.9,199.9
"DuvalCounty",75.9,40.4,265.4,50.5,164.8,319.4,227.8,292.2,134.9,39.2,357.7,67.1,256.4,126.6,15.6,357.8,65.8,233.1,192.6,114.1,284.9,265.3,91.5,231.4,307,172.6,236.4,201.7,268,208.3,230.6,144.2,112.5,149.4,325.6,167,110.2,216.5,116.8,238.1,106.8,253.5,354.3,462.1,27.4,317.3,245.2,141.3,166.8,283,186.2,217.1,198.7,68.7,47.3,230,340.8,262.8,133.5,136.1,93.6,137,56.4,103.1,189.5,289.3,259.4
"EscambiaCounty",337.6,322.3,133.8,334,504.4,645.8,157.2,558,375.6,354.5,623.5,298.6,529.3,298.3,357.8,15.4,419.4,217.1,171.5,319.5,566.6,169.1,287.7,504.3,588.7,392.9,518.1,467.5,105.6,547.9,129.9,219.4,283.5,416.4,591.4,197.5,334.5,183.2,245.1,503.9,377.8,577.1,680.7,788.5,366.6,53.6,542.3,446.4,463.9,609.3,413.3,449.6,480.4,382,400.9,556.4,21.2,528.5,452,401.9,280.8,256,317.6,456.7,214.6,82.4,119.3
"FlaglerCounty",83.3,102.1,327,80.7,102.8,257.4,289.5,249.1,115.8,60.1,279.8,128.8,194.3,134.5,65.8,419.4,12.3,294.8,254.3,121.9,222.9,326.9,153.2,169.3,245,135.9,174.4,158.7,329.7,146.2,292.3,205.8,174.2,73.8,247.7,228.7,115.9,278.2,178.5,195.1,80.4,191.5,292.3,400.1,90.3,379,183.2,79.3,104.8,220.9,149.5,179.6,136.7,45.2,28.4,168,402.4,219.7,71.5,101.3,155.3,177.9,94.6,41,251.2,351,321.1
"FranklinCounty",184.4,197.6,80.2,209.3,343.4,484.8,71,385.5,219.9,229.8,451,173.9,363.3,142.6,233.1,217.1,294.8,16.5,76.1,170.1,405.6,55.4,163,338.3,427.7,237.2,357.1,282.3,127.3,386.9,89.9,94.8,127.8,255.4,418.9,73.2,178.9,49.3,120.4,331.4,216.8,416.1,519.7,627.5,241.9,176.6,381.3,285.4,302.9,448.4,257.6,293.9,319.4,233.8,276.2,395.4,200.1,356.1,291,240.9,156.1,100.3,192.9,284.4,45,148.6,118.7
"GadsdenCounty",172.5,157.1,79.1,168.8,339.2,480.6,41.5,392.8,210.4,189.3,458.3,133.4,364.1,133.2,192.6,171.5,254.3,76.1,11.8,154.3,401.4,79,122.5,339.1,423.5,227.7,352.9,302.3,81.8,382.7,44.3,54.3,118.3,251.2,426.2,32.3,169.4,32.4,79.9,338.7,212.6,411.9,515.5,623.3,201.4,131.1,377.1,281.2,298.7,444.2,248.1,284.4,315.2,216.9,235.7,391.2,154.5,363.4,286.8,236.7,115.6,90.9,152.4,291.5,49.4,103.1,73.1
"GilchristCounty",41.3,78.6,227.1,67.2,193.5,334.9,189.5,247.1,76.2,88.3,312.6,47.1,218.4,30.8,114.1,319.5,121.9,170.1,154.3,9.7,255.7,227,63.5,193.4,277.8,93.5,207.2,138.6,229.7,237,192.3,105.9,45.1,105.5,280.5,128.4,35.1,178.3,78.6,193,66.9,266.2,369.8,477.6,123,279,231.4,135.5,153,298.5,113.9,150.2,169.5,81.8,115.6,245.5,302.5,217.6,141.1,91,40.4,74.2,58.5,134.5,128,251.1,221.1
"GladesCounty",239,290.7,474.2,252.7,134.3,100.9,436.6,66.5,202.2,267.8,91.6,271.6,66.1,266.2,284.9,566.6,222.9,405.6,401.4,255.7,16.2,474.1,300.3,76.9,27,179.8,49.8,141.8,476.8,95.3,439.4,353,294.7,160,59.5,375.8,241.9,425.4,325.6,113.5,191.1,79,112.2,218.8,309.4,526.1,45.6,147.1,117.7,85,163.8,162.7,107.3,226.2,247.4,73.7,549.6,91.1,162.8,174.8,290,309.7,265,187.7,363.4,498.2,468.2
"GulfCounty",245.1,229.8,51.3,241.5,411.9,553.3,44.2,465.5,267.3,262,531,206.1,436.8,190.1,265.3,169.1,326.9,55.4,79,227,474.1,14.1,195.2,411.8,496.2,284.6,425.6,375,111,455.4,71,126.9,191,323.9,498.9,105,226.3,74.6,152.6,411.4,285.3,484.6,588.2,696,274.1,130.7,449.8,353.9,371.4,516.8,305.1,341.4,387.9,289.5,308.4,463.9,152.1,436,359.5,309.4,188.3,147.8,225.1,364.2,92.4,108.3,85.8
"HamiltonCounty",71.4,56,195.3,67.7,238.1,379.5,157.7,291.7,134.4,88.2,357.2,32.3,263,76,91.5,287.7,153.2,163,122.5,63.5,300.3,195.2,11.7,238,322.4,172.1,251.8,201.2,197.9,281.6,160.5,74.1,42.4,150.1,325.1,96.9,103.5,146.4,34,237.6,111.5,310.8,414.4,522.2,100.3,247.2,276,180.1,197.6,343.1,185.7,216.6,214.1,115.8,134.6,290.1,270.7,262.3,185.7,135.6,23.5,66.9,51.3,190.4,119.4,219.3,189.3
"HardeeCounty",176.7,228.4,411.9,190.4,140.3,173,374.3,56.8,129.3,205.5,110.6,209.3,25.1,198.9,231.4,504.3,169.3,338.3,339.1,193.4,76.9,411.8,238,13,99,106.9,30,68.9,414.5,110.8,377.1,290.7,232.4,106.5,78.5,313.5,170.1,363,263.3,51.6,128.7,117.3,184.2,290.8,255.9,463.8,68.3,93.6,91.6,140.4,90.8,81.9,34.4,172.7,193.9,107.8,487.3,72.7,109.3,100.6,227.7,242.3,202.6,134.2,296.1,435.8,405.9
"HendryCounty",261.1,312.9,496.3,274.9,154.4,97.2,458.7,81.1,224.4,290,88.6,293.8,88.2,288.4,307,588.7,245,427.7,423.5,277.8,27,496.2,322.4,99,17.7,202,72,164,499,115.4,461.6,375.1,316.9,182.1,56.5,398,264,447.5,347.8,133.4,213.3,89.6,108.4,215,331.5,548.3,65.7,169.3,137.8,81.2,185.9,170.8,129.5,248.4,269.6,93.8,571.7,106.5,184.9,196.9,312.1,331.8,287.1,209.9,385.5,520.3,490.3
"HernandoCounty",110.8,162.5,300.5,124.5,131.2,272.5,262.9,149.1,40.8,139.6,214.6,143.4,139.3,97.9,172.6,392.9,135.9,237.2,227.7,93.5,179.8,284.6,172.1,106.9,202,12.5,131.3,45.6,303.1,174.6,265.7,179.3,133.9,62.7,182.5,195.5,69,235.1,167,95,71.2,203.9,287.1,393.7,181.5,352.4,169.1,72.2,90.6,236.1,20.9,57.2,82.1,121.8,155.6,183.1,375.9,119.6,92.9,38.3,131.6,141.3,136.8,114.2,195,324.5,294.5
"HighlandsCounty",190.5,242.2,425.7,204.2,145.4,145.9,388.1,80.2,153.7,219.3,117.7,223.1,48.5,217.8,236.4,518.1,174.4,357.1,352.9,207.2,49.8,425.6,251.8,30,72,131.3,17.1,93.3,428.3,97.5,390.9,304.5,246.2,111.5,85.7,327.3,193.4,376.9,277.1,75.8,142.6,90.3,157.2,263.8,260.9,477.6,41.3,98.6,96.6,113.4,115.3,114.3,58.9,177.7,198.9,80.8,501.1,96.9,114.3,126.3,241.5,261.2,216.5,139.2,314.9,449.7,419.7
"HillsboroughCounty",139.9,191.6,375.1,153.6,129.7,237.9,337.5,97.2,74.6,168.7,162.7,172.5,87.5,142.9,201.7,467.5,158.7,282.3,302.3,138.6,141.8,375,201.2,68.9,164,45.6,93.3,18.3,377.8,138.3,340.3,253.9,178.9,87.1,130.6,240.6,114.1,280.2,226.6,43.2,100.3,171.1,249.1,357.1,210.6,427,133.3,82.9,80.9,203.3,26.6,21.1,45.4,150.9,183.3,150.3,450.5,67.8,98.6,67.3,190.9,186.4,165.9,123.5,240.1,399.1,369.1
"HolmesCounty",247.9,232.6,61.6,244.2,414.7,556,67.4,468.2,285.8,264.7,533.7,208.8,439.5,208.6,268,105.6,329.7,127.3,81.8,229.7,476.8,111,197.9,414.5,499,303.1,428.3,377.8,11.4,458.1,40.1,129.7,193.7,326.6,501.6,107.7,244.8,93.5,155.4,414.2,288.1,487.4,591,698.8,276.9,65.1,452.6,356.6,374.1,519.6,323.6,359.9,390.6,292.3,311.2,466.6,88.6,438.8,362.2,312.2,191.1,166.3,227.9,366.9,124.8,37.2,29.6
"IndianRiverCounty",220.3,244.5,455.5,214.2,50.6,122.7,417.9,155.9,183.5,202.5,184.5,252.9,124.2,247.5,208.3,547.9,146.2,386.9,382.7,237,95.3,455.4,281.6,110.8,115.4,174.6,97.5,138.3,458.1,12.8,420.7,334.3,276,142.7,152.4,357.1,223.2,406.6,306.9,159.2,172.4,56.9,157.7,265.5,232.8,507.4,62.6,104.3,81,86.3,160.2,159.2,95.8,182,170.8,33.3,530.9,180.3,103.9,156.1,271.3,291,227.8,116,344.7,479.5,449.5
"JacksonCounty",210.5,195.1,55,206.8,377.3,518.6,27.4,430.8,248.4,227.3,496.3,171.4,402.1,171.2,230.6,129.9,292.3,89.9,44.3,192.3,439.4,71,160.5,377.1,461.6,265.7,390.9,340.3,40.1,420.7,15.9,92.3,156.3,289.2,464.2,70.3,207.4,56.1,117.9,376.7,250.6,450,553.5,661.3,239.5,89.4,415.1,319.2,336.7,482.2,286.2,322.5,353.2,254.9,273.7,429.2,112.9,401.4,324.8,274.7,153.6,128.9,190.4,329.5,87.4,61.5,31.5
"JeffersonCounty",124.1,108.7,127.1,120.4,290.8,432.2,89.5,344.4,162,140.9,409.9,85,315.7,84.7,144.2,219.4,205.8,94.8,54.3,105.9,353,126.9,74.1,290.7,375.1,179.3,304.5,253.9,129.7,334.3,92.3,13,69.9,202.8,377.8,28.7,120.9,78.2,31.5,290.3,164.2,363.5,467.1,574.9,153,179,328.7,232.8,250.3,395.8,199.7,236,266.8,168.4,187.3,342.8,202.4,315,238.4,188.3,67.2,42.4,104,243.1,51.2,151,121.1
"LafayetteCounty",65.8,77,191.1,78.7,232.6,373.9,153.5,286.1,116.6,97.9,351.6,46.7,257.4,39.3,112.5,283.5,174.2,127.8,118.3,45.1,294.7,191,42.4,232.4,316.9,133.9,246.2,178.9,193.7,276,156.3,69.9,12,144.5,319.5,92.7,75.5,142.3,42.5,232,105.9,305.3,408.8,516.6,121.4,243,270.5,174.5,192,337.5,154.3,190.6,208.5,110.2,155.6,284.5,266.5,256.7,180.1,130,32.8,33.7,66.3,171.4,85.6,215.1,185.1
"LakeCounty",88.8,135.3,324,97.3,99.2,240.6,286.4,177.6,57.4,104.5,216.9,121.4,131.5,116,149.4,416.4,73.8,255.4,251.2,105.5,160,323.9,150.1,106.5,182.1,62.7,111.5,87.1,326.6,142.7,289.2,202.8,144.5,17.5,184.8,225.6,91.7,275.1,175.4,123.5,38.8,171.9,275.5,373.9,154.2,375.9,137.1,35.2,58.7,204.2,76.3,107.2,73.8,66.9,111.9,151.2,399.4,148.2,39.5,31.4,139.8,159.4,115.2,52.2,213.2,348,318
"LeeCounty",263.8,315.5,499,277.5,191.5,136,461.4,41.5,209.9,292.6,39,296.4,54.5,279.6,325.6,591.4,241.5,418.9,426.2,280.5,59.5,498.9,325.1,72.3,56.5,182.5,85.7,130.6,501.6,152.4,464.2,377.8,319.5,178.6,17.9,400.6,250.7,450.2,350.5,93.8,224.2,133.2,147.3,233.4,334.5,550.9,105.8,165.7,163.7,124.9,157,131.2,106.6,274.8,266,130.8,574.4,66.9,181.4,191.3,314.8,323,289.8,206.3,376.7,523,493
"LeonCounty",146.9,131.5,105.1,143.2,313.6,455,67.5,367.2,178.2,163.7,432.7,107.8,338.5,100.9,167,197.5,228.7,73.2,32.3,128.4,375.8,105,96.9,313.5,398,195.5,327.3,240.6,107.7,357.1,70.3,28.7,92.7,225.6,400.6,13.6,137.1,56.3,54.3,313.1,187,386.3,489.9,597.7,175.8,157,351.5,255.6,273.1,418.6,215.9,252.2,289.6,191.3,210.1,365.6,180.5,337.8,261.2,211.1,90,58.6,126.8,265.9,29.6,129.1,99.1
"LevyCounty",42.2,106.3,242.1,62.1,179.7,321.1,204.6,217.3,51.7,83.2,282.8,74.8,195.1,39.5,110.2,334.5,115.9,178.9,169.4,35.1,241.9,226.3,103.5,170.1,264,69,193.4,114.1,244.8,223.2,207.4,120.9,75.5,91.7,250.7,137.1,19.3,176.7,108.6,163.2,53.1,252.4,356,463.8,119,294.1,217.6,121.7,139.2,284.7,89.4,125.7,145.3,75.9,109.6,231.7,317.5,187.9,127.3,77.2,73.3,82.9,68.8,120.7,136.7,266.1,236.2
"LibertyCounty",196.4,181.1,74.7,192.8,363.2,504.6,37.1,416.8,217.8,213.3,482.3,157.4,388,140.5,216.5,183.2,278.2,49.3,32.4,178.3,425.4,74.6,146.4,363,447.5,235.1,376.9,280.2,93.5,406.6,56.1,78.2,142.3,275.1,450.2,56.3,176.7,14.9,103.9,362.7,236.6,435.9,539.5,647.3,225.4,142.8,401.1,305.2,322.7,468.1,255.5,291.8,339.2,240.8,259.7,415.2,166.2,387.3,310.8,260.7,139.6,98.2,176.4,315.5,50.4,114.8,84.8
"MadisonCounty",96.7,81.4,152.7,93.1,263.5,404.9,115.1,317,159.7,113.6,382.5,57.6,288.3,83.8,116.8,245.1,178.5,120.4,79.9,78.6,325.6,152.6,34,263.3,347.8,167,277.1,226.6,155.4,306.9,117.9,31.5,42.5,175.4,350.5,54.3,108.6,103.9,13.8,263,136.9,336.2,439.8,547.6,125.7,204.6,301.4,205.4,222.9,368.4,211.1,242,239.5,141.1,160,315.5,228.1,287.6,211,161,39.9,41.5,76.7,215.7,76.9,176.7,146.7
"ManateeCounty",179.8,231.6,415,193.5,169.6,222.9,377.4,60.4,125.9,208.6,125.9,212.4,50.7,195.6,241.6,507.4,198.6,334.9,342.2,196.5,113.5,414.9,241.1,51.6,133.4,98.5,75.8,46.7,417.7,159.2,380.3,293.8,235.6,127,93.8,316.6,166.7,366.2,266.5,15.4,140.2,158.4,234.2,320.3,250.5,467,114.1,122.8,120.8,201.8,73,38.1,85.4,190.8,223.2,150,490.4,31,138.5,107.3,230.8,239,205.8,163.4,292.7,439,409
"MarionCounty",50.2,96.8,285.4,58.7,129,270.4,247.8,190.7,33.4,73.8,256.3,82.8,153.7,77.5,106.8,377.8,80.4,216.8,212.6,66.9,191.1,285.3,111.5,128.7,213.3,71.2,142.6,100.3,288.1,172.4,250.6,164.2,105.9,38.8,224.2,187,53.1,236.6,136.9,136.7,21,201.7,305.3,413.1,115.7,337.4,166.9,70.9,88.4,233.9,84.8,115.7,105,56,89.8,181,360.8,161.3,74.4,29.6,101.2,120.9,76.6,75.8,174.6,309.4,279.4
"MartinCounty",249.5,289.7,484.7,263.2,95.9,74.3,447.1,142.7,212.7,247.8,164.1,282.1,111,276.8,253.5,577.1,191.5,416.1,411.9,266.2,79,484.6,310.8,117.3,89.6,203.9,90.3,171.1,487.4,56.9,450,363.5,305.3,171.9,133.2,386.3,252.4,435.9,336.2,158.4,201.7,14.1,109.3,217,278,536.7,54,142.2,113.8,37.9,193,192,128.6,227.3,216.1,22.7,560.1,159.2,149.1,185.3,300.5,320.2,275.5,161.2,373.9,508.7,478.7
"MiamiDadeCounty",353.1,390.5,588.3,366.8,196.7,37.4,550.7,181.8,316.3,348.6,108.3,385.7,173.4,380.4,354.3,680.7,292.3,519.7,515.5,369.8,112.2,588.2,414.4,184.2,108.4,287.1,157.2,249.1,591,157.7,553.5,467.1,408.8,275.5,147.3,489.9,356,539.5,439.8,234.2,305.3,109.3,25.4,113.3,378.8,640.2,131.8,245.8,217.4,71.7,271.1,271.5,214.7,328.1,316.9,126.3,663.7,207.2,249.9,288.9,404.1,423.8,379.1,262,477.5,612.3,582.3
"MonroeCounty",460.9,498.3,696.1,474.6,304.5,145.2,658.5,268,424.1,456.4,196.4,493.5,280,488.2,462.1,788.5,400.1,627.5,623.3,477.6,218.8,696,522.2,290.8,215,393.7,263.8,357.1,698.8,265.5,661.3,574.9,516.6,373.9,233.4,597.7,463.8,647.3,547.6,320.3,413.1,217,113.3,31.5,486.6,748,238.3,353.6,325.2,179.5,377.7,357.7,321.3,435.9,424.6,234.1,771.5,293.4,357.7,396.7,511.9,531.6,486.9,369.8,585.3,720.1,690.1
"NassauCounty",84.8,47.3,274.2,59.4,189.3,343.9,236.6,301,143.7,59.5,366.6,76,280.9,135.5,27.4,366.6,90.3,241.9,201.4,123,309.4,274.1,100.3,255.9,331.5,181.5,260.9,210.6,276.9,232.8,239.5,153,121.4,154.2,334.5,175.8,119,225.4,125.7,247,115.7,278,378.8,486.6,13.9,326.2,269.7,165.8,191.3,307.5,195.1,226,223.2,89.1,71.8,254.5,349.6,271.6,158,145,102.5,145.9,65.3,127.6,198.4,298.2,268.2
"OkaloosaCounty",297.2,281.8,79.5,293.5,464,605.3,94.7,517.5,335.1,314,583,258.1,488.8,257.9,317.3,53.6,379,176.6,131.1,279,526.1,130.7,247.2,463.8,548.3,352.4,477.6,427,65.1,507.4,89.4,179,243,375.9,550.9,157,294.1,142.8,204.6,463.4,337.4,536.7,640.2,748,326.2,16.9,501.9,405.9,423.4,568.9,372.9,409.1,439.9,341.6,360.4,515.9,36.6,488.1,411.5,361.4,240.4,215.6,277.1,416.2,174.1,42,78.9
"OkeechobeeCounty",214.7,266.5,449.9,228.4,101.6,113.6,412.3,104.3,177.9,239.5,137.9,247.4,72.6,242,245.2,542.3,183.2,381.3,377.1,231.4,45.6,449.8,276,68.3,65.7,169.1,41.3,133.3,452.6,62.6,415.1,328.7,270.5,137.1,105.8,351.5,217.6,401.1,301.4,114.1,166.9,54,131.8,238.3,269.7,501.9,15.4,107.4,79,77.2,155.2,154.2,98.8,207.7,207.8,45.9,525.3,120.8,116.8,150.5,265.7,285.4,240.7,148.1,339.1,473.9,443.9
"OrangeCounty",118.8,177.5,354,132.5,60.9,210.9,316.4,173.4,82,135.5,204,151.4,118.6,146.1,141.3,446.4,79.3,285.4,281.2,135.5,147.1,353.9,180.1,93.6,169.3,72.2,98.6,82.9,356.6,104.3,319.2,232.8,174.5,35.2,171.9,255.6,121.7,305.2,205.4,119.3,70.9,142.2,245.8,353.6,165.8,405.9,107.4,16.3,29,174.5,85.9,103.8,60.9,91.2,103.8,121.5,429.4,144,19.2,54.6,169.8,189.5,144.8,44.1,243.2,378,348
"OsceolaCounty",136.3,188,371.5,150,55.3,182.5,333.9,171.4,99.5,161,202,168.9,116.6,163.5,166.8,463.9,104.8,302.9,298.7,153,117.7,371.4,197.6,91.6,137.8,90.6,96.6,80.9,374.1,81,336.7,250.3,192,58.7,169.9,273.1,139.2,322.7,222.9,117.3,88.4,113.8,217.4,325.2,191.3,423.4,79,29,20,146.1,99.1,101.8,58.9,129.2,129.3,93.1,446.9,142,44.7,72.1,187.3,207,162.3,69.6,260.7,395.5,365.5
"PalmBeachCounty",281.8,319.2,517,295.5,125.3,36.8,479.4,149.4,245,277.2,126.6,314.4,146.2,309,283,609.3,220.9,448.4,444.2,298.5,85,516.8,343.1,140.4,81.2,236.1,113.4,203.3,519.6,86.3,482.2,395.8,337.5,204.2,124.9,418.6,284.7,468.1,368.4,201.8,233.9,37.9,71.7,179.5,307.5,568.9,77.2,174.5,146.1,25.1,225.3,224.2,160.8,256.7,245.5,55,592.3,174.8,178.6,217.6,332.8,352.4,307.7,190.7,406.2,540.9,511
"PascoCounty",124.4,176.2,320.9,138.1,147.8,259.9,283.3,123.6,50,153.3,189.1,157.1,113.8,118.3,186.2,413.3,149.5,257.6,248.1,113.9,163.8,305.1,185.7,90.8,185.9,20.9,115.3,26.6,323.6,160.2,286.2,199.7,154.3,76.3,157,215.9,89.4,255.5,211.1,69.5,84.8,193,271.1,377.7,195.1,372.9,155.2,85.9,99.1,225.3,15.2,42.6,67.4,135.4,169.2,172.3,396.3,94.2,106.5,51.9,152,161.7,150.4,127.9,215.4,344.9,314.9
"PinellasCounty",155.3,207.1,357.2,169,150.6,260.3,319.6,97.7,97.5,184.1,163.3,187.9,88,154.6,217.1,449.6,179.6,293.9,284.4,150.2,162.7,341.4,216.6,81.9,170.8,57.2,114.3,21.1,359.9,159.2,322.5,236,190.6,107.2,131.2,252.2,125.7,291.8,242,37.6,115.7,192,271.5,357.7,226,409.1,154.2,103.8,101.8,224.2,42.6,12.7,66.4,166.3,204.2,171.3,432.6,68.3,119.5,82.8,188.3,198,181.3,144.4,251.7,381.2,351.2
"PolkCounty",152.8,204.5,388,166.5,107.7,197.3,350.4,91.1,104.5,181.6,144.9,185.4,59.4,180.1,198.7,480.4,136.7,319.4,315.2,169.5,107.3,387.9,214.1,34.4,129.5,82.1,58.9,45.4,390.6,95.8,353.2,266.8,208.5,73.8,112.8,289.6,145.3,339.2,239.5,81.8,105,128.6,214.7,321.3,223.2,439.9,98.8,60.9,58.9,160.8,67.4,66.4,23.1,140.1,161.3,107.9,463.4,106.5,76.6,75.8,203.8,223.5,178.8,101.5,277.2,412,382
"PutnamCounty",48.3,76.4,289.6,42.7,138.6,293.2,252.1,241.4,84.1,44,306.9,76.2,197.7,94.4,68.7,382,45.2,233.8,216.9,81.8,226.2,289.5,115.8,172.7,248.4,121.8,177.7,150.9,292.3,182,254.9,168.4,110.2,66.9,274.8,191.3,75.9,240.8,141.1,187.3,56,227.3,328.1,435.9,89.1,341.6,207.7,91.2,129.2,256.7,135.4,166.3,140.1,14.8,38.9,203.8,365,211.9,95.9,85.3,105.4,137.8,56.2,76.8,191.6,313.6,283.7
"StJohnsCounty",76.9,83.5,308.5,62.2,127.4,281.9,270.9,273.7,117.8,41.6,304.3,110.2,218.9,128.2,47.3,400.9,28.4,276.2,235.7,115.6,247.4,308.4,134.6,193.9,269.6,155.6,198.9,183.3,311.2,170.8,273.7,187.3,155.6,111.9,272.3,210.1,109.6,259.7,160,219.7,89.8,216.1,316.9,424.6,71.8,360.4,207.8,103.8,129.3,245.5,169.2,204.2,161.3,38.9,14.7,192.6,383.9,244.3,96,119.1,136.8,180.2,76.1,65.6,232.6,332.5,302.5
"StLucieCounty",228.8,266.2,464,242.5,72.4,91.4,426.4,134.3,192,224.3,162.9,261.4,102.6,256.1,230,556.4,168,395.4,391.2,245.5,73.7,463.9,290.1,107.8,93.8,183.1,80.8,150.3,466.6,33.3,429.2,342.8,284.5,151.2,130.8,365.6,231.7,415.2,315.5,150,181,22.7,126.3,234.1,254.5,515.9,45.9,121.5,93.1,55,172.3,171.3,107.9,203.8,192.6,13.5,539.4,150.8,125.6,164.6,279.8,299.5,254.8,137.7,353.2,488,458
"SantaRosaCounty",320.6,305.3,116.8,317,487.4,628.8,140.2,541,358.6,337.5,606.5,281.6,512.3,281.3,340.8,21.2,402.4,200.1,154.5,302.5,549.6,152.1,270.7,487.3,571.7,375.9,501.1,450.5,88.6,530.9,112.9,202.4,266.5,399.4,574.4,180.5,317.5,166.2,228.1,486.9,360.8,560.1,663.7,771.5,349.6,36.6,525.3,429.4,446.9,592.3,396.3,432.6,463.4,365,383.9,539.4,17.5,511.5,435,384.9,263.8,239,300.6,439.7,197.6,65.4,102.3
"SarasotaCounty",200.9,252.7,436.1,214.7,190.7,196,398.6,33.5,147.1,229.8,99,233.6,57.4,216.7,262.8,528.5,219.7,356.1,363.4,217.6,91.1,436,262.3,72.7,106.5,119.6,96.9,67.8,438.8,180.3,401.4,315,256.7,148.2,66.9,337.8,187.9,387.3,287.6,31,161.3,159.2,207.2,293.4,271.6,488.1,120.8,144,142,174.8,94.2,68.3,106.5,211.9,244.3,150.8,511.5,13.9,159.7,128.4,252,260.1,226.9,184.6,313.9,460.1,430.2
"SeminoleCounty",124.4,169.7,359.6,132.9,60.4,215,322,189.1,93,127.7,219.7,157,134.3,151.6,133.5,452,71.5,291,286.8,141.1,162.8,359.5,185.7,109.3,184.9,92.9,114.3,98.6,362.2,103.9,324.8,238.4,180.1,39.5,187.6,261.2,127.3,310.8,211,135,74.4,149.1,249.9,357.7,158,411.5,116.8,19.2,44.7,178.6,106.5,119.5,76.6,95.9,96,125.6,435,159.7,9.6,67,175.4,195.1,150.8,36.3,248.8,383.5,353.6
"SumterCounty",74.3,126,309.5,88,112.6,254,271.9,157.8,37.5,103.1,223.3,106.9,125.6,101.6,136.1,401.9,101.3,240.9,236.7,91,174.8,309.4,135.6,100.6,196.9,38.3,126.3,67.3,312.2,156.1,274.7,188.3,130,31.4,191.3,211.1,77.2,260.7,161,103.8,29.6,185.3,288.9,396.7,145,361.4,150.5,54.6,72.1,217.6,51.9,82.8,75.8,85.3,119.1,164.6,384.9,128.4,67,12.4,125.3,145,100.3,79.7,198.7,333.5,303.5
"SuwanneeCounty",61,58.2,188.4,69.8,227.8,369.2,150.8,281.4,114.3,90.3,346.9,34.5,252.7,52.9,93.6,280.8,155.3,156.1,115.6,40.4,290,188.3,23.5,227.7,312.1,131.6,241.5,190.9,191.1,271.3,153.6,67.2,32.8,139.8,314.8,90,73.3,139.6,39.9,227.3,101.2,300.5,404.1,511.9,102.5,240.4,265.7,169.8,187.3,332.8,152,188.3,203.8,105.4,136.8,279.8,263.8,252,175.4,125.3,13.5,57.4,53.5,166.7,112.6,212.4,182.4
"TaylorCounty",90.3,101.6,163.6,103.3,247.5,388.9,126.1,289.6,124,122.5,355.1,71.3,267.3,46.7,137,256,177.9,100.3,90.9,74.2,309.7,147.8,66.9,242.3,331.8,141.3,261.2,186.4,166.3,291,128.9,42.4,33.7,159.4,323,58.6,82.9,98.2,41.5,235.5,120.9,320.2,423.8,531.6,145.9,215.6,285.4,189.5,207,352.4,161.7,198,223.5,137.8,180.2,299.5,239,260.1,195.1,145,57.4,18.1,90.8,188.5,58.2,187.6,157.6
"UnionCounty",34.5,35.6,225.2,17,184.3,344.2,187.6,256.4,99,37.5,321.9,20.6,227.6,75.1,56.4,317.6,94.6,192.9,152.4,58.5,265,225.1,51.3,202.6,287.1,136.8,216.5,165.9,227.9,227.8,190.4,104,66.3,115.2,289.8,126.8,68.8,176.4,76.7,202.3,76.6,275.5,379.1,486.9,65.3,277.1,240.7,144.8,162.3,307.7,150.4,181.3,178.8,56.2,76.1,254.8,300.6,226.9,150.8,100.3,53.5,90.8,8.1,122.6,149.3,249.2,219.2
"VolusiaCounty",115.7,139.3,364.3,109,72.6,227.1,326.7,214,105.7,97.3,244.6,148.3,159.2,145.1,103.1,456.7,41,284.4,291.5,134.5,187.7,364.2,190.4,134.2,209.9,114.2,139.2,123.5,366.9,116,329.5,243.1,171.4,52.2,212.5,265.9,120.7,315.5,215.7,159.9,75.8,161.2,262,369.8,127.6,416.2,148.1,44.1,69.6,190.7,127.9,144.4,101.5,76.8,65.6,137.7,439.7,184.6,36.3,79.7,166.7,188.5,122.6,19.5,242.2,388.3,358.3
"WakullaCounty",169.4,154.1,101.7,165.7,301.2,442.6,64.1,343.3,177.7,186.2,408.8,130.3,321.1,100.5,189.5,214.6,251.2,45,49.4,128,363.4,92.4,119.4,296.1,385.5,195,314.9,240.1,124.8,344.7,87.4,51.2,85.6,213.2,376.7,29.6,136.7,50.4,76.9,289.2,174.6,373.9,477.5,585.3,198.4,174.1,339.1,243.2,260.7,406.2,215.4,251.7,277.2,191.6,232.6,353.2,197.6,313.9,248.8,198.7,112.6,58.2,149.3,242.2,14,146.2,116.2
"WaltonCounty",269.2,253.9,57.1,265.6,436,577.4,72.3,489.6,307.2,286.1,555.1,230.2,460.8,229.9,289.3,82.4,351,148.6,103.1,251.1,498.2,108.3,219.3,435.8,520.3,324.5,449.7,399.1,37.2,479.5,61.5,151,215.1,348,523,129.1,266.1,114.8,176.7,435.5,309.4,508.7,612.3,720.1,298.2,42,473.9,378,395.5,540.9,344.9,381.2,412,313.6,332.5,488,65.4,460.1,383.5,333.5,212.4,187.6,249.2,388.3,146.2,18.1,50.9
"WashingtonCounty",239.3,223.9,34.6,235.6,406,547.4,49.8,459.6,277.2,256.1,525.1,200.2,430.9,199.9,259.4,119.3,321.1,118.7,73.1,221.1,468.2,85.8,189.3,405.9,490.3,294.5,419.7,369.1,29.6,449.5,31.5,121.1,185.1,318,493,99.1,236.2,84.8,146.7,405.5,279.4,478.7,582.3,690.1,268.2,78.9,443.9,348,365.5,511,314.9,351.2,382,283.7,302.5,458,102.3,430.2,353.6,303.5,182.4,157.6,219.2,358.3,116.2,50.9,12.8
