"County","ApplingCounty","AtkinsonCounty","BaconCounty","BakerCounty","BaldwinCounty","BanksCounty","BarrowCounty","BartowCounty","BenHillCounty","BerrienCounty","BibbCounty","BleckleyCounty","BrantleyCounty","BrooksCounty","BryanCounty","BullochCounty","BurkeCounty","ButtsCounty","CalhounCounty","CamdenCounty","CandlerCounty","CarrollCounty","CatoosaCounty","CharltonCounty","ChathamCounty","ChattahoocheeCounty","ChattoogaCounty","CherokeeCounty","ClarkeCounty","ClayCounty","ClaytonCounty","ClinchCounty","CobbCounty","CoffeeCounty","ColquittCounty","ColumbiaCounty","CookCounty","CowetaCounty","CrawfordCounty","CrispCounty","DadeCounty","DawsonCounty","DecaturCounty","DeKalbCounty","DodgeCounty","DoolyCounty","DoughertyCounty","DouglasCounty","EarlyCounty","EcholsCounty","EffinghamCounty","ElbertCounty","EmanuelCounty","EvansCounty","FanninCounty","FayetteCounty","FloydCounty","ForsythCounty","FranklinCounty","FultonCounty","GilmerCounty","GlascockCounty","GlynnCounty","GordonCounty","GradyCounty","GreeneCounty","GwinnettCounty","HabershamCounty","HallCounty","HancockCounty","HaralsonCounty","HarrisCounty","HartCounty","HeardCounty","HenryCounty","HoustonCounty","IrwinCounty","JacksonCounty","JasperCounty","JeffDavisCounty","JeffersonCounty","JenkinsCounty","JohnsonCounty","JonesCounty","LamarCounty","LanierCounty","LaurensCounty","LeeCounty","LibertyCounty","LincolnCounty","LongCounty","LowndesCounty","LumpkinCounty","McDuffieCounty","McIntoshCounty","MaconCounty","MadisonCounty","MarionCounty","MeriwetherCounty","MillerCounty","MitchellCounty","MonroeCounty","MontgomeryCounty","MorganCounty","MurrayCounty","MuscogeeCounty","NewtonCounty","OconeeCounty","OglethorpeCounty","PauldingCounty","PeachCounty","PickensCounty","PierceCounty","PikeCounty","PolkCounty","PulaskiCounty","PutnamCounty","QuitmanCounty","RabunCounty","RandolphCounty","RichmondCounty","RockdaleCounty","SchleyCounty","ScrevenCounty","SeminoleCounty","SpaldingCounty","StephensCounty","StewartCounty","SumterCounty","TalbotCounty","TaliaferroCounty","TattnallCounty","TaylorCounty","TelfairCounty","TerrellCounty","ThomasCounty","TiftCounty","ToombsCounty","TownsCounty","TreutlenCounty","TroupCounty","TurnerCounty","TwiggsCounty","UnionCounty","UpsonCounty","WalkerCounty","WaltonCounty","WareCounty","WarrenCounty","WashingtonCounty","WayneCounty","WebsterCounty","WheelerCounty","WhiteCounty","WhitfieldCounty","WilcoxCounty","WilkesCounty","WilkinsonCounty","WorthCounty"
"ApplingCounty",11.6,60.5,21.2,160.6,126.3,221,207.3,261,70.5,86,130.3,82,54.7,120.6,70.4,69.9,108.1,164.7,172,94.3,59.1,254.6,318.9,79.2,90.9,169.1,303.3,252.1,189.9,191.5,199.6,85.9,235,48.1,117.5,141.7,96.3,232.4,136,103.1,338.7,268.9,176.4,214.5,62.6,114.4,134.4,228,192.2,111.5,93.4,189.7,65.3,48.2,310.1,208.9,289.9,251.2,217.7,213.8,292.9,122.4,68.7,283.7,154.8,153.9,235.4,238.9,262.5,129.5,259.2,185.8,208.2,256.1,186.3,107.3,73.3,213.4,170.8,24.5,100,88.8,86.2,139.7,167,83.4,77.3,137.3,63.8,158.3,48.1,102.4,278.8,132.2,75.8,125.3,204.3,154.6,202,184.8,148.3,149.3,44.4,169.2,300.9,183.7,189.7,183.3,178.4,239.7,118.9,276,34.7,180.4,263.6,85.8,148.9,195.1,264.4,174.4,132.7,205.3,137,95.3,201.1,179.6,232.4,174.1,131,162.8,154,39.5,139.2,49.1,154.9,137,93.1,34.8,316.2,55.8,226.4,98.2,107.8,327.6,160.8,327.6,195.4,49.9,132.9,103.6,30.6,155.1,52.6,288.6,304.9,81.2,160.8,109.1,116.4
"AtkinsonCounty",60.5,9.5,40.3,108.1,144.8,247.4,243.9,273,49,33.6,143.6,95.8,54.9,68.9,123.8,124.3,148.4,184.2,119.5,96.9,103.8,266.6,330.9,72.2,142,150,315.3,264.1,216.3,139,211.6,34.5,247,20.9,65.1,181.6,43.8,244.4,146.5,80.5,350.7,280.9,124.7,226.5,78.4,97.4,81.9,240,139.7,52.9,147.8,229.6,105.2,102.6,322.1,220.9,301.9,263.2,251.9,225.8,304.9,159.5,90.8,295.7,103.1,185.9,247.4,298.1,274.5,161.5,271.2,189.3,248,234.8,198.3,127.6,40.6,283.2,191.7,44.4,139.9,133.5,110.9,159.7,171,24.8,93.2,93,108.1,198.1,92.4,43.8,290.8,172.1,103.3,120.7,230.7,150,194.4,132.4,95.9,161.3,76.4,187.6,312.9,167.6,209.2,209.6,210.3,251.7,129.4,288,47,182.6,275.6,90.6,167.3,145.1,329.3,124.3,172.6,217.3,132.4,149.6,149.4,191.6,314.2,144.1,112.4,173.3,183.8,93.9,149.7,58.2,106.6,85.3,40.7,80.9,328.2,87.7,211.6,62.2,123.7,339.6,171.3,339.6,229,29.6,172.7,135.6,71.1,129.9,75.9,300.6,316.9,71,200.7,127.6,64
"BaconCounty",21.2,40.3,8.7,140.3,131.7,234.4,212.8,263.9,61.6,65.8,133.2,87.1,46.9,100.3,85.5,85,122.3,167.6,151.7,90.3,73.3,257.5,321.7,71.3,105.9,182.2,306.2,255,203.3,171.2,202.5,72.8,237.9,27.8,97.3,155.9,76,235.3,141.1,96.2,341.6,271.8,156.2,217.4,67.7,113.2,114.1,230.9,171.9,91.2,108.5,203.9,79.5,63.3,313,211.8,292.7,254,231.9,216.6,295.8,136.6,69.8,286.5,134.5,164.6,238.3,289,265.4,140.2,262,190.8,222.3,259,189.1,112.3,53.1,226.8,173.7,27.8,114.2,103,89.6,142.5,169.9,63.1,80.2,113.5,81.5,172.4,65.8,82.2,281.6,146.4,81.3,130.4,217.7,159.6,188.9,164.6,128.1,152.1,55.1,174.6,303.7,188.8,192.5,196.6,189,242.5,123.9,278.9,26.9,183.3,266.5,90.8,154.3,177.4,320.1,156.6,146.8,208.1,142,110.3,180.8,182.5,252.8,176.3,128.1,167.9,162.5,54.6,144.3,54.2,131.2,116.8,72.9,48.9,319.1,66.4,213.3,77.9,110.7,330.5,165.9,330.5,212.3,32,147,114.3,44.5,152.3,57.7,291.4,307.8,87.1,175,114.6,96.2
"BakerCounty",160.6,108.1,140.3,9.6,164.3,283.3,232.1,244.3,95.3,81.5,131.8,115.1,162.9,77,247.2,218.9,230.3,172.4,28.5,205,198.3,187.6,302.1,180.2,258.5,81.1,286.6,235.4,225.2,48,199.9,127.3,218.3,120.9,42.2,258.3,66.5,165.6,134.7,66.8,322,260.3,43.4,214.7,120,79.6,26.7,203.8,48.7,112.8,248.2,258.6,192,189.6,293.4,186.3,273.1,242.5,260.8,214,276.1,219.5,198.8,266.9,39.7,199.5,235.6,286.4,262.7,185.7,203.5,120.4,268.2,166,186.5,115.8,91,271.4,179.9,144.4,200.4,217.4,171.6,147.9,159.3,87.8,144.5,43.8,216.1,248.8,200.5,84.7,270.1,225.4,211.4,94.5,239.6,85.9,148,32.3,17.2,149.5,150.8,196.6,284.1,98.7,197.4,218.6,227.8,222.9,117.6,259.3,155.1,152.4,233.1,103.3,176.3,69.6,317.5,54,267.5,205.5,82.5,244.3,54.3,179.8,302.5,73.8,70.9,109.9,215.1,186.1,106.6,126.7,37.7,44.9,68.2,163.4,316.5,160.8,142.8,66.5,141.2,310.9,134.7,310.9,217.2,137.6,213.1,197.4,179.1,61.1,138.3,288.8,288.2,89.1,231.8,161.3,48.1
"BaldwinCounty",126.3,144.8,131.7,164.3,8.4,103.6,81.9,148.9,120.3,165.2,33.4,66.8,177.5,182.8,153.8,125.6,87.1,55.2,175.7,248.1,105,153,206.7,202,165.1,136.1,191.2,140,72.5,178.3,102.8,177.3,122.9,123.9,161.3,85.2,159.7,130.7,63.5,99.1,226.6,134.7,199.6,94.2,79.9,82.1,138.1,126.4,195.9,206.7,154.8,105.9,76.2,125.9,198,112,177.7,117,108.1,102.4,180.7,56,221,171.5,185.8,46.7,99.4,121.5,108.6,22.2,157.5,121.4,115.4,154.5,89.4,54.2,140.1,95.9,42.2,110.5,64.9,85.5,52.5,21.6,70.2,181,52,133.3,165,89.6,153.6,181.7,136.5,61.9,204.1,78.3,86.9,115.3,105.1,188.6,162,52.4,91.3,43.8,188.7,126.2,67.9,65.8,75,138,55.3,163.9,157.5,83.6,162,79.3,23.5,166.4,152.6,153.5,89.7,73.4,104,107.2,210.6,82.8,122,143.3,108.9,98.1,48.9,124.4,78.7,87.9,133.4,186.6,136.1,95.9,161.9,74.6,129.5,115.7,38.2,169.1,85.2,215.4,70,162.7,49.6,33.8,161.2,124.4,86.9,135.6,192.8,113.9,72.6,21.4,126.3
"BanksCounty",221,247.4,234.4,283.3,103.6,7.9,34.2,109.2,212.4,284.3,125.5,158.9,272.3,301.8,247.8,205.9,156.3,93.5,269.9,342,198.9,125.3,167.1,296.7,259.1,202.8,151.5,82.9,31.2,264.6,93.3,279.9,83.2,226.5,280.3,119.3,278.7,118.9,162,218.2,186.9,60,318.6,70,178.1,201.2,257.1,98.7,277.8,325.7,225.3,50.9,174.7,219.9,86.7,105.4,138.1,58.4,28.5,75,90.7,118.1,315,131.9,304.8,67.8,52.5,21.2,37.3,96.7,129.9,169.7,42.1,146.1,101,176.5,259.2,19.6,92.2,213.1,137.7,175.2,144.3,110.6,132.3,300.1,154.6,252.4,259,95.5,247.6,300.8,52.5,101.8,298,188.6,28.4,185,147.1,291.2,281.1,134.4,186,64.3,123.4,184.8,69.8,42.5,48.9,108.5,174.4,89.2,252.3,130.4,132.4,171.4,86.2,240.1,52.3,245,128.5,69.4,197.2,189.6,311.4,116.6,37.3,219,227.9,160.6,79.7,218.3,173.3,190.6,247.1,305.7,255.2,190.6,61.6,169.4,147.9,234.7,143.4,68.8,144.1,175.8,50.1,265.3,104.6,123.4,255.2,231.4,189.6,35.3,153.1,232.9,77.3,124.1,245.4
"BarrowCounty",207.3,243.9,212.8,232.1,81.9,34.2,6.6,83.3,194.5,233,95.7,131.5,258.5,250.6,230.2,201,151.4,59.6,243.9,324.5,181.4,99.4,141.1,283,241.5,176.8,125.6,62.4,24,238.7,67.4,278.3,57.3,204.9,229.1,114.3,227.5,92.9,112.2,166.9,161,49.3,267.4,44.1,150.6,149.9,205.9,72.8,251.9,274.5,220.4,57.9,157.2,202.3,104.1,79.4,112.1,37.8,47.2,49.1,80,100.6,297.5,105.9,253.6,50.3,23.1,52.3,27,79.2,103.9,143.8,60.8,120.2,56.3,125.2,207.9,16.9,52.1,191.5,120.1,170.3,126.8,82.2,79.9,248.8,133,201.1,241.4,89,230.1,249.5,54.9,96.8,280.5,138.7,38.9,159,121.2,265.3,229.8,83.1,172.3,42.4,102.8,158.9,36,20.8,42.4,74.9,123.1,68.7,238.5,104.5,98.9,153.5,64.5,214.1,83.4,219.1,123.5,35.6,171.2,184.6,285.5,75.7,57.7,193.1,176.7,134.6,71.1,200.8,130.9,168.9,221.1,254.4,203.9,176.9,82.4,155.6,121.9,183.5,116,88.2,99.1,149.9,16.2,243.7,87.1,105.8,237.6,205.4,167.9,54.7,127.2,181.7,70.9,102.4,194.1
"BartowCounty",261,273,263.9,244.3,148.9,109.2,83.3,11.2,223.6,262.2,136.1,171.8,312.2,279.7,288.6,260.3,226.2,101.2,230.8,382.8,239.7,58.3,63.8,336.7,299.9,163.6,44,24.1,104.7,225.5,65,307.4,30.2,246.5,258.2,189.2,256.6,79.8,133.7,196.1,83.7,54.8,275,56,191,179.1,235,40.9,238.7,303.6,289.5,138.6,233.3,260.6,73.1,77.1,29.3,50.6,122.3,43.8,55.9,175.4,355.8,28.6,282.7,130.3,61.5,112.2,67.9,157.2,54.1,130.6,135.9,78.3,78.9,154.4,237.1,97.3,115.7,242.6,195,245.1,199.4,147.8,103.9,278,185.9,230.2,299.8,169.8,288.4,278.6,72,171.7,338.8,160.3,119.6,157.8,108,252.1,259,112.3,226,110.8,45.8,145.7,89.2,101.5,123.2,28.6,152.3,39,292.3,102.1,34.4,182.6,131.4,201,143.4,205.9,198.4,76.2,168.9,259.5,272.3,88.3,128.3,179.9,185.2,133.4,145.9,259.1,145,220.1,207.9,283.5,233.1,230.6,111.3,209.3,108.7,212.6,156.3,90.6,115.8,72.6,86.7,302.5,161.9,183.9,296,192.2,221.7,92.2,49.9,210.8,151.6,161.1,223.3
"BenHillCounty",70.5,49,61.6,95.3,120.3,212.4,194.5,223.6,8.2,38.2,87.8,60.5,97.4,78.7,133.5,124.9,147.1,134.8,106.7,139.5,104.3,217.3,281.5,114.8,164.5,122.9,266,214.8,181.3,126.2,162.3,83.4,197.7,39.6,56.7,169.5,53.1,195,97.2,44.5,301.4,231.5,121.4,177.1,43.1,55.9,69.1,190.6,126.9,89.5,154.2,214.6,107.5,107.6,272.8,171.5,252.5,213.8,216.9,176.4,255.5,136,128.7,246.3,99.8,155.5,198.1,248.8,225.1,141.8,221.8,159.2,224.2,191.6,148.9,69.5,16,233.8,132.8,54.3,125.4,134,96.6,103.9,121.7,57.2,69.5,66.1,124.8,183.7,115.2,66.2,241.4,157.7,140.3,79.1,195.7,108.4,145,119.5,83,111.9,68.8,152.6,263.5,137.5,159.8,174.6,183.8,202.3,80,238.6,85.8,133.3,226.3,41.7,132.3,124,279.9,103.2,171.3,167.9,90.8,150.3,141.5,142.2,264.9,115.5,72.4,124,171.1,104.1,100.3,38.5,83.8,82,29.7,81.4,278.9,80.1,181.6,30.5,79.6,290.3,121.9,290.2,179.6,72.1,150.8,112.1,97.7,96.6,56.3,251.2,267.5,22.6,187.8,104,50.5
"BerrienCounty",86,33.6,65.8,81.5,165.2,284.3,233,262.2,38.2,11,132.7,98,88.3,42,150.3,149.8,173.9,173.3,108.7,130.4,129.3,255.8,320,105.7,175.4,139.1,304.5,253.3,226.2,128.2,200.8,61.4,236.2,46.4,38.9,207.1,17.7,233.5,135.7,69.6,339.9,270,97.8,215.6,80.6,86.6,71.1,229.2,128.9,54.2,173.3,259.6,130.7,128.1,311.3,210,291,252.3,261.8,214.9,294,172.9,124.2,284.8,76.2,200.4,236.6,287.3,263.6,186.7,260.3,178.4,269.1,224,187.4,116.7,29.7,272.4,180.9,69.8,165.3,158.9,133.6,148.8,160.2,21.8,106.4,82.2,141.5,223.6,125.9,30.8,279.9,197.6,136.8,109.8,240.6,139.1,183.5,105.8,70.8,150.4,101.7,197.5,302,156.7,198.3,219.5,228.7,240.8,118.5,277.1,80.5,171.8,264.8,79.2,177.2,134.3,318.4,113.5,198,206.4,121.5,175.1,122.5,180.8,303.4,133.2,101.6,162.5,216,119.4,138.8,71.4,95.7,58.4,29.8,106.4,317.4,113,200.8,51.4,117.2,328.8,160.5,328.8,218.1,63.1,214.1,149,104.5,119.1,89.2,289.7,306.1,60.2,232.7,140.9,53.1
"BibbCounty",130.3,143.6,133.2,131.8,33.4,125.5,95.7,136.1,87.8,132.7,8.2,41.1,181.5,150.3,157.8,129.6,119.8,39.8,143.2,252.1,109,129.7,193.9,206,169.1,103.6,178.4,127.2,94.4,145.8,74.7,178,110.1,115.8,128.8,127.4,127.2,107.4,31,66.7,213.8,143.9,167.1,89.5,60.3,49.6,105.6,103.1,163.4,174.2,158.8,127.8,102.6,129.9,185.2,83.9,164.9,126.2,130,88.8,167.9,88.7,225.1,158.7,153.3,68.6,110.5,161.2,137.6,54.9,134.2,88.9,137.3,131.2,61.3,21.7,107.6,117.9,45.9,111.9,97.6,128.1,68.7,17,42.1,148.5,55.1,100.8,169,117.9,157.7,149.2,153.8,94.6,208.1,45.8,108.8,82.8,76.1,156.1,129.5,24.3,95.3,65.7,175.9,93.7,64.7,87.7,96.9,114.7,22.8,151.1,161.5,55.5,138.7,46.8,45.4,133.9,192.3,121,136.6,80.3,71.5,154.9,178.1,54.7,143.9,110.8,76.4,65.6,84.2,128.4,46.3,89.3,100.9,154.1,103.6,99.9,191.3,78.6,100.5,83.2,25.6,202.7,52.7,202.7,84.5,173.1,82.3,66.6,165.2,91.9,91,163.6,180,81.4,100.9,30.4,93.8
"BleckleyCounty",82,95.8,87.1,115.1,66.8,158.9,131.5,171.8,60.5,98,41.1,7.6,132.9,133.6,132.3,104,115.4,75.5,126.5,172.8,83.4,165.4,229.6,156.3,143.6,101,214.1,162.9,127.8,146,110.4,128.3,145.8,74.9,112.1,129.6,110.5,143.2,57.1,50,249.5,179.7,150.4,125.3,19.4,47,88.9,138.8,146.7,146.7,133.2,161.2,77,104.3,220.9,119.7,200.6,161.9,163.4,124.5,203.7,96.1,147.2,194.4,136.6,102,146.2,196.9,173.3,88.3,170,106.8,170.7,166.9,97.1,25.5,75.8,151.3,81.6,65.8,85.5,102.5,56.7,50.4,77.8,118.6,29.6,84.1,143.5,143.7,132.1,132.5,189.6,117.7,182.5,59.8,142.2,86.5,105,139.4,112.8,60,63.9,99.1,211.6,107.7,100.4,121.2,130.3,150.4,37.4,186.8,112.9,91.2,174.4,17.7,78.8,131.4,228.1,121.2,124.6,116,68.9,129.4,161.4,90.4,177.3,108.3,69.4,83.9,117.6,102.8,60.3,43.3,92.5,137.4,87,74.3,227,53,129.3,66.5,24.5,238.4,81.9,238.4,120.2,113.7,115.7,72.2,109.2,89.3,52,199.3,215.7,50.4,134.3,47.1,77.2
"BrantleyCounty",54.7,54.9,46.9,162.9,177.5,272.3,258.5,312.2,97.4,88.3,181.5,132.9,10.9,107.5,77.9,99.9,145.9,215.9,174.3,50.5,96.9,305.9,370.1,31.4,100.7,204.7,354.5,303.4,241.1,193.8,250.9,61.8,286.3,64.1,119.8,185.8,98.6,283.6,201.3,135.2,390,320.1,167.7,265.7,113.6,152.2,136.7,279.2,194.5,89.4,119.4,237.4,113.1,78.3,361.4,260.1,341.1,302.4,265.5,265,344.1,170.1,36,334.9,146.1,205.2,286.6,290.2,313.7,180.8,310.4,244,255.9,289.6,237.5,158.2,88.9,264.6,222,73.6,147.7,126.6,135.1,190.9,218.3,77.7,128.5,147.8,62.2,206,46.6,84.6,330,180,48.6,175.4,253.1,204.7,249.1,187.1,150.6,200.5,95.6,220.4,352.1,222.3,240.9,234.5,231.1,290.9,184.1,327.2,23.6,231.6,314.9,133.7,200.1,199.9,312.1,179.1,176.8,256.5,187.1,125.2,192.4,230.8,280.2,198.8,167.2,228.1,201.8,73.2,204.4,100,161.3,128.3,95.4,86,367.5,107,266.4,117,159,378.9,226.1,378.8,246.6,25.8,180.6,154.8,31.5,184.7,103.6,339.8,356.1,123.4,208.6,160.4,118.7
"BrooksCounty",120.6,68.9,100.3,77,182.8,301.8,250.6,279.7,78.7,42,150.3,133.6,107.5,11.5,176.4,184.3,208.4,190.9,102.7,178.2,163.8,273.3,337.6,124.8,194.6,136.8,322,270.8,243.7,122.2,218.3,70.7,253.7,80.9,30.1,276.8,26.9,221.3,153.2,87.2,357.4,287.6,71.6,233.2,124.7,104.2,68.7,246.7,113.7,47.2,207.8,277.1,165.2,162.7,328.8,227.6,308.6,269.9,279.3,232.5,311.6,238,143.4,302.4,50,217.9,254.1,304.8,281.2,204.2,277.9,176.1,286.7,221.6,205,134.3,70.8,289.9,198.4,104.4,199.9,193.5,178.2,166.4,177.7,45.9,151.1,79.8,160.7,267.3,145.1,24.6,297.5,243.9,156,127.4,258.1,135.1,201.1,94.4,60.2,168,136.4,215.1,319.6,154.4,215.9,237.1,246.3,258.4,136.1,294.7,99.7,189.3,282.3,121.8,194.8,131.9,336,111.2,232.6,224,118.6,209.7,96.2,198.3,320.9,130.9,119.1,159,233.5,153.9,156.4,110.6,93.3,32.2,49.4,140.9,334.9,147.8,198.4,68.9,159.7,346.4,178,346.3,235.7,85.8,231.6,215.9,123.7,116.7,128.3,307.3,323.6,93.7,250.2,179.7,57.4
"BryanCounty",70.4,123.8,85.5,247.2,153.8,247.8,230.2,288.6,133.5,150.3,157.8,132.3,77.9,176.4,11,41.2,91.4,192.3,258.6,99.1,54.1,282.2,346.4,119.7,25.6,237.4,330.9,279.7,216.7,279.6,227.2,130.7,262.6,112.4,181.8,131.4,160.6,259.9,187.9,182.1,366.3,296.5,236.6,242,131.1,183.4,221,255.6,278.8,158.3,37.1,202.1,76.7,31.8,337.7,236.4,317.4,278.7,230.1,241.3,320.5,133.8,72,311.2,215,178.5,263,265.7,290.1,155.5,286.7,231.3,220.5,283.7,213.8,149.9,137.6,240.2,198.4,87.4,111.3,72.2,98.8,167.2,194.6,146.6,104.8,216.2,29.8,160,42,153.5,306.3,143.6,55.1,184.3,216.8,222.9,229.5,271.5,244.9,176.8,85.8,196.7,328.4,232.2,217.2,210,194.7,267.2,161.9,303.6,79.5,208,291.2,149.8,176.4,267.8,276.7,254.8,122.3,232.8,205.3,65.9,261.3,207.2,244.8,244.6,210.2,208.4,165.4,50.2,184.8,116.1,224.6,197.2,157.4,77.1,296,83.8,253.9,172.8,135.4,355.2,209.6,355.2,222.9,94.7,144.2,121.4,52.8,225.7,101.8,316.1,332.5,148.2,173.2,136.7,180.7
"BullochCounty",69.9,124.3,85,218.9,125.6,205.9,201,260.3,124.9,149.8,129.6,104,99.9,184.3,41.2,13.5,51.1,164,230.3,135.4,20.1,253.9,318.1,129.5,52.5,209.1,302.6,251.4,174.8,251.3,198.9,141.5,234.3,107.1,179.3,91,160,231.7,159.6,153.8,338,268.2,254.2,213.8,102.8,155.1,192.7,227.3,250.5,169.1,35.3,161.7,38.5,21.7,309.4,208.2,289.1,250.4,189.7,213,292.2,92.9,108.4,282.9,218.5,149.2,234.7,221.3,261.8,112.8,258.5,203.1,180.1,255.4,185.6,121.7,134.3,198.3,170.1,81.8,75.3,31.8,62.1,138.9,166.3,147.1,76.6,187.9,52.4,118.1,58.4,166.1,278.1,98.6,91.4,156,179.4,194.6,201.3,243.2,216.6,148.6,57.5,170.7,300.1,203.9,188.9,180.8,157.3,238.9,133.6,275.3,90.3,179.7,262.9,121.5,148.1,239.5,236.4,226.5,81.9,204.5,177,28.4,265.2,178.9,204.4,216.4,181.9,180.1,136.1,36.4,156.5,87.8,196.3,200.7,152.3,48.9,255.6,55.6,225.6,144.5,107.1,264.5,181.3,326.9,196.9,105.5,100.9,84.8,74.7,197.4,73.6,237.9,304.2,119.9,132.8,108.4,181
"BurkeCounty",108.1,148.4,122.3,230.3,87.1,156.3,151.4,226.2,147.1,173.9,119.8,115.4,145.9,208.4,91.4,51.1,14.9,158,241.7,185.7,49.3,230.3,284,175.5,102.8,220.6,268.5,217.3,125.2,262.7,182.5,183.8,200.2,131.1,201.5,41.4,184.1,208.1,149.8,165.2,303.9,200.3,265.6,171.6,114.2,166.6,204.1,203.7,261.9,199.3,73.2,112.1,48.9,69.8,275.3,194.6,255.1,189.5,140.1,179.8,258.1,43.3,158.7,248.9,251.8,99.6,171.9,171.7,167.3,77.5,234.9,258.9,130.6,231.8,171.4,133.1,156.5,148.7,144.9,105.8,31.8,20.4,62.9,109.1,156.5,171.2,88,199.3,102.7,68.5,106.5,190.3,193.1,49,141.7,167.4,129.8,206.1,191.5,254.6,228.1,138.8,81.5,121.2,266,215.3,145.2,131.2,107.8,215.4,145.1,241.2,132.6,169.9,239.3,132.9,101.8,250.9,186.8,237.9,32.4,150.7,188.4,37.5,276.6,177.8,154.8,227.8,193.3,184.4,86.5,80.1,167.9,110,207.7,224.9,174.5,77.3,206,68.3,237,169.8,118.5,214.9,171.5,292.8,147.4,147.8,51.3,58.2,116.9,208.8,95.8,188.4,270.1,145.2,83.2,94.3,192.4
"ButtsCounty",164.7,184.2,167.6,172.4,55.2,93.5,59.6,101.2,134.8,173.3,39.8,75.5,215.9,190.9,192.3,164,158,7.1,183.8,286.5,143.4,94.8,159,240.4,203.6,113.4,143.5,92.3,71.1,175.3,39.8,218.6,75.2,150.2,169.4,120.9,167.8,72.5,52.5,107.3,178.9,109,207.7,54.6,94.7,90.2,146.2,68.2,188.5,214.8,193.2,104.9,137,164.3,150.3,49,130,91.3,107.2,53.9,133,95.1,259.5,123.8,193.9,62.1,75.6,108.5,84.8,63.9,99.3,81,114.5,96.3,26.4,65.6,148.2,76.1,21.3,146.3,126.8,140.6,103.1,41.1,20.6,189.1,89.6,141.4,203.4,111.4,192.1,189.8,118.9,103.4,242.5,79,86,90.5,54.7,196.7,170.1,23.4,129.7,42.5,141,95.4,24.9,65.8,89.5,79.8,63.4,116.1,195.9,33.2,103.8,93.8,37.8,154.1,139.6,155.6,130.1,37.4,96.6,189.3,218.7,19.7,117,129.6,117,66.1,77.7,162.8,71.2,123.8,141.5,194.7,144.3,134.3,138.6,113,79.1,123.8,60,167.8,39.7,167.7,44.7,189,93.7,89,199.6,117,125.4,110.9,145.1,122,94.4,64.8,134.4
"CalhounCounty",172,119.5,151.7,28.5,175.7,269.9,243.9,230.8,106.7,108.7,143.2,126.5,174.3,102.7,258.6,230.3,241.7,183.8,8.7,216.4,209.7,174.1,288.6,191.6,269.9,67.6,273.1,221.9,236.6,25.9,187.4,153.9,204.8,132.3,70.4,269.7,96.1,152.1,117.6,78.2,308.5,246.7,71.6,201.2,131.4,90.9,38.1,190.3,31.3,141,259.5,270,203.3,200.9,279.9,172.8,259.6,229,282.9,193.5,262.6,230.9,210.2,253.4,67.9,210.9,222.2,272.9,249.2,197.1,190,106.9,296.5,152.5,197.9,127.2,102.4,257.9,191.3,155.8,211.8,228.8,183,159.3,142.1,117.5,155.9,55.2,227.5,260.2,211.8,118.2,256.6,236.8,222.7,86.6,251,89.7,134.5,44.7,45.4,160.9,162.1,208,270.6,85.2,208.8,230,239.2,209.4,129,245.7,166.4,150.5,219.6,114.7,187.6,47.5,304,31.8,278.9,209.1,74.6,255.7,64.9,162.5,289,51.7,64.2,113.7,226.4,197.5,98.7,138.1,35.9,73.1,79.6,174.8,303,172.1,129.3,77.9,152.6,297.4,126.8,297.3,229,149,224.5,208.8,190.5,59.2,149.6,275.3,274.6,100.4,243.1,172.6,59.5
"CamdenCounty",94.3,96.9,90.3,205,248.1,342,324.5,382.8,139.5,130.4,252.1,172.8,50.5,178.2,99.1,135.4,185.7,286.5,216.4,14.4,148.3,376.4,440.6,33.8,102.3,246.8,425.1,373.9,310.9,235.9,321.4,103.8,356.8,106.2,161.9,225.6,140.7,354.2,243.4,177.3,460.5,390.7,240.1,336.3,153.4,194.3,178.8,349.8,236.6,112.4,121,296.3,170.9,114,431.9,330.7,411.6,373,324.3,335.5,414.7,228,33.6,405.4,216.8,272.7,357.2,359.9,384.3,249.7,381,286.1,314.7,377.9,308.1,244.2,131,334.4,292.6,117.1,205.6,166.4,193,261.4,288.8,119.8,199.1,189.9,81,254.2,82.3,126.7,400.6,237.8,50.1,217.5,311,246.8,323.8,262.9,227,271,135.2,290.9,422.6,264.4,311.4,304.3,288.9,361.4,226.2,397.8,74,302.2,385.4,175.8,270.6,242,371,221.2,216.6,327,229.2,150.2,264.8,301.4,339,240.9,209.3,270.2,259.6,110.3,246.5,139.9,203.4,199,137.5,125.5,390.2,178.1,308.5,159.1,229.6,449.4,303.8,449.4,317.1,67.9,238.4,215.6,67.7,226.8,143.4,410.3,426.7,165.5,267.4,230.9,160.8
"CandlerCounty",59.1,103.8,73.3,198.3,105,198.9,181.4,239.7,104.3,129.3,109,83.4,96.9,163.8,54.1,20.1,49.3,143.4,209.7,148.3,8.1,233.3,297.5,126.5,65.4,188.5,282,230.8,167.8,230.7,178.3,134.8,213.7,86.5,158.7,89.2,139.5,211.1,139,133.2,317.4,247.6,233.6,193.2,82.2,134.6,172.1,206.7,229.9,154.7,55,152.2,25.9,20.9,288.8,187.6,268.5,229.9,180.2,192.4,271.6,84.9,121.3,262.3,198,129.6,214.1,216.8,241.2,106.6,237.9,182.4,170.6,234.8,165,101.1,113.7,191.3,149.5,61.2,62.5,30,49.9,118.3,145.7,126.6,56,167.3,65.3,116.4,57.8,145.6,257.5,94.7,104.3,135.4,167.9,174,180.7,222.6,196.1,128,36.9,147.8,279.5,183.3,168.3,161.1,145.8,218.3,113,254.7,83.6,159.1,242.3,100.9,127.5,218.9,226.9,205.9,80.2,183.9,156.4,45.5,244.6,158.3,194.9,195.8,161.3,159.5,116.5,31.1,135.9,67.2,175.7,180.2,131.7,28.3,294.9,35,205,123.9,86.5,306.3,160.7,306.3,174,98.8,95.3,72.6,67.9,176.8,53,267.2,283.6,99.3,123.3,87.8,160.4
"CarrollCounty",254.6,266.6,257.5,187.6,153,125.3,99.4,58.3,217.3,255.8,129.7,165.4,305.9,273.3,282.2,253.9,230.3,94.8,174.1,376.4,233.3,11.6,117.2,330.3,293.5,107,76.5,76.2,120.8,168.8,58.6,301,49.4,240.1,214.6,193.3,250.2,32.7,110.5,189.7,118,101.1,218.4,72.1,184.6,172.7,176.4,26.8,182,297.2,283.1,154.7,226.9,254.3,134.2,47.6,57.3,83.4,138.4,47.9,117,179.5,349.4,82,228.6,134.4,77.6,128.3,104.7,161.3,16.6,73.9,152,23.4,72.5,148,230.7,113.4,116.1,236.2,199.1,249.2,193,141.4,80.8,271.6,179.5,170.9,293.4,183.8,282,272.3,111,175.8,332.4,129.9,135.7,106.3,56.5,195.4,204.9,105.9,219.6,114.9,99.2,89,93.3,117.7,139.3,30,145.9,100.1,285.9,78.9,38.4,176.3,135.6,144.3,159.5,149.2,202.5,80.3,135.9,263.6,215.6,81.9,144.4,123.2,152.9,81.9,150,252.7,106.4,213.7,151.3,232.6,226.7,224.2,158.4,202.9,45.5,206.2,149.9,151.8,81.3,106.9,100.3,296.1,166,188,289.6,135.6,215.3,130.8,103.2,204.4,166.7,154.7,216.9
"CatoosaCounty",318.9,330.9,321.7,302.1,206.7,167.1,141.1,63.8,281.5,320,193.9,229.6,370.1,337.6,346.4,318.1,284,159,288.6,440.6,297.5,117.2,6.6,394.6,357.7,221.5,38.9,81.4,162.6,283.4,122.9,365.3,88.1,304.4,316.1,247,314.5,137.6,191.6,253.9,35,87.4,332.9,113.9,248.8,236.9,292.9,99.8,296.6,361.5,347.4,196.4,291.2,318.5,74.5,134.9,65.7,107.8,180.1,101.7,57.2,233.2,413.6,37.7,340.5,188.2,119.4,138.3,109.8,215.1,106.3,188.5,193.7,137.2,136.8,212.2,294.9,155.1,173.5,300.4,252.8,303,257.2,205.6,161.8,335.8,243.7,288.1,357.6,227.6,346.2,336.5,103.2,229.5,396.7,218.1,177.5,215.6,165.9,309.9,316.8,170.1,283.9,168.6,31.3,203.5,147.1,159.4,181,87.5,210.1,71.3,350.1,159.9,87,240.5,189.3,258.8,137.1,263.7,256.2,134.1,226.7,317.3,330.1,146.1,154.4,237.8,243.1,191.2,203.8,317,202.8,277.9,265.8,341.4,290.9,288.5,112.6,267.2,166.6,270.4,214.2,92,173.6,18.8,144.5,360.4,219.8,241.7,353.8,250.1,279.5,128.4,17.8,268.7,209.5,219,281.1
"CharltonCounty",79.2,72.2,71.3,180.2,202,296.7,283,336.7,114.8,105.7,206,156.3,31.4,124.8,119.7,129.5,175.5,240.4,191.6,33.8,126.5,330.3,394.6,14.4,122.9,222.1,379,327.8,265.6,211.1,275.3,79.1,310.7,81.4,137.2,215.4,115.9,308.1,218.6,152.6,414.4,344.6,212.4,290.2,138.9,169.6,154,303.7,211.8,78.8,141.6,267,142.6,107.9,385.8,284.6,365.6,326.9,295,289.5,368.6,199.7,52.1,359.4,163.4,229.6,311.1,314.6,338.2,205.2,334.9,261.4,285.5,306.9,262,178.9,106.3,289.1,246.5,98.1,177.3,156.2,161.9,215.4,243.1,95,153,165.1,91.8,235.6,76.1,101.9,354.5,209.5,70.7,192.8,280,222.1,266.5,204.5,168,225,120.1,244.9,376.6,239.7,265.4,259,254.1,315.4,201.5,351.7,47.2,254.7,339.3,151.1,224.6,217.3,341.7,196.4,206.4,281,204.5,170.8,237.1,255.3,309.7,216.2,184.5,245.4,231.3,102.8,221.8,118.7,178.6,145.7,112.8,110.4,391.9,131.4,283.8,134.3,183.5,403.4,243.4,403.3,271.1,43.1,210.2,179.3,61.1,202,128,364.3,380.6,140.7,238.1,184.8,136.1
"ChathamCounty",90.9,142,105.9,258.5,165.1,259.1,241.5,299.9,164.5,175.4,169.1,143.6,100.7,194.6,25.6,52.5,102.8,203.6,269.9,102.3,65.4,293.5,357.7,122.9,13.1,248.7,342.2,291,228,290.9,238.5,148.9,273.9,140.6,206.9,142.7,185.7,271.2,199.2,193.4,377.6,307.8,254.8,253.3,142.4,194.7,232.3,266.9,290.1,176.5,31.6,213.4,88,52.7,349,247.8,328.7,290,241.4,252.6,331.8,145.1,75.3,322.5,233.2,189.8,274.3,277,301.4,166.8,298,242.6,231.8,295,225.1,161.2,173.8,251.5,209.7,107.9,122.6,83.5,110.1,178.5,205.9,164.8,116.1,227.5,37.2,171.3,60.2,171.7,317.6,154.9,58.3,195.6,228.1,234.2,240.8,282.8,256.2,188.1,97.1,208,339.7,243.5,228.5,221.3,206,278.5,173.2,314.9,97.7,219.3,302.5,161.1,187.7,279,288,266.1,133.6,244.1,216.6,60.8,304.8,218.5,256.1,255.9,221.5,219.7,176.7,67.4,196.1,127.3,235.9,215.4,182.6,88.4,307.3,95.2,265.2,184.1,146.7,366.5,220.9,366.5,234.2,112.9,155.5,132.7,71,237,113.2,327.4,343.8,159.5,184.5,148,220.5
"ChattahoocheeCounty",169.1,150,182.2,81.1,136.1,202.8,176.8,163.6,122.9,139.1,103.6,101,204.7,136.8,237.4,209.1,220.6,113.4,67.6,246.8,188.5,107,221.5,222.1,248.7,8.2,206,154.8,188.3,62.4,120.3,184.4,137.7,153.6,108.2,254.9,133.6,85,72.4,81.2,241.4,179.6,111.9,134.1,107.8,77.1,70,123.2,75.6,180.6,238.4,222.1,182.2,209.5,212.8,105.7,192.5,161.9,215.8,126.4,195.5,191.3,240.6,186.3,122.2,196.1,155.1,205.8,182.1,157.6,122.9,39.8,229.4,85.4,134.2,87.6,124.1,190.8,134.8,152.8,190.6,207.6,161.8,119.7,97.7,154.9,134.7,64.4,248.6,245.4,237.2,155.6,189.5,237.4,253.2,54.5,203.2,22.6,67.4,88.9,98.4,97.8,151.6,176.5,203.5,18.1,155,183,206.7,142.3,72.7,178.6,196.9,83.4,152.5,89.2,148.1,45.7,236.9,42.7,264.1,142,32.4,234.5,109.1,95.4,221.9,16.8,50.3,46.6,211.7,207.9,47.8,130.3,44.8,126.1,110,179.5,235.9,158.2,62.2,99.6,113,230.3,75.7,230.2,161.9,179.4,185,169.2,196.2,29.1,139.1,208.2,207.6,102.3,228.4,133.1,89.9
"ChattoogaCounty",303.3,315.3,306.2,286.6,191.2,151.5,125.6,44,266,304.5,178.4,214.1,354.5,322,330.9,302.6,268.5,143.5,273.1,425.1,282,76.5,38.9,379,342.2,206,9.1,65.8,147,267.8,107.3,349.7,72.5,288.8,300.5,231.5,298.9,122.1,176,238.4,42.3,87.7,317.4,98.3,233.3,221.4,277.3,84.2,281,345.9,331.9,180.9,275.6,303,90.6,119.4,24.9,92.3,164.6,86.1,73.4,217.7,398.1,35.1,325,172.6,103.8,154.5,109.6,199.5,63,172.9,178.2,108.1,121.2,196.7,279.4,139.6,158,284.9,237.3,287.4,241.7,190.1,146.3,320.3,228.2,272.5,342.1,212.1,330.7,321,103.5,214,381.1,202.6,161.9,200.1,150.3,294.4,301.3,154.6,268.3,153.1,58.4,188,131.5,143.9,165.5,66.5,194.6,67,334.6,144.4,51.4,225,173.8,243.3,153.3,248.2,240.7,118.5,211.2,301.8,314.6,130.6,170.6,222.2,227.5,175.7,188.2,301.4,187.3,262.4,250.3,325.9,275.4,272.9,128.8,251.6,151.1,254.9,198.6,108.2,158.1,31.2,129,344.8,204.2,226.2,338.3,234.6,264,123.7,49.1,253.1,193.9,203.4,265.6
"CherokeeCounty",252.1,264.1,255,235.4,140,82.9,62.4,24.1,214.8,253.3,127.2,162.9,303.4,270.8,279.7,251.4,217.3,92.3,221.9,373.9,230.8,76.2,81.4,327.8,291,154.8,65.8,10.7,86.9,216.6,56.1,298.5,21.3,237.6,249.3,180.3,247.7,70.9,124.8,187.2,101.3,33.3,266.1,47.1,182.1,170.2,226.1,49.6,229.8,294.7,280.6,118.4,224.4,251.8,59,68.2,53,29.1,96,34.9,41.8,166.5,346.9,46.2,273.8,121.4,43.7,79.4,46.4,148.3,63.3,121.7,109.6,97,70,145.5,228.2,71,106.8,233.7,186.1,236.2,190.5,138.9,95.1,269.1,177,221.4,290.9,152,279.5,269.8,50.5,162.8,329.9,151.4,95.9,148.9,99.1,243.2,250.1,103.4,217.1,101.9,57.8,136.8,80.3,83.8,105.4,41,143.4,24.9,283.4,93.2,51.9,173.8,122.6,192.1,110.6,197,189.5,67.3,160,250.6,263.4,79.4,95.6,171,176.3,124.5,137,250.2,136.1,211.2,199.1,274.7,224.2,221.7,97.2,200.4,99.8,203.7,147.4,76.6,106.9,90.1,77.8,293.6,153,175,287.1,183.4,212.8,70.7,67.4,201.9,133.9,152.2,214.4
"ClarkeCounty",189.9,216.3,203.3,225.2,72.5,31.2,22.6,104.8,181.3,226.2,94.4,127.8,241.1,243.7,216.7,174.8,125.2,71.2,236.6,310.9,167.8,120.9,162.6,265.6,228,188.4,147.1,87,5.7,250.2,78.9,248.8,78.8,195.4,222.2,88.2,220.6,104.5,113.4,160.1,182.5,63.3,260.5,61.3,147,143.1,199,94.3,263.4,267.6,194.2,35.8,143.6,188.8,114.6,91,133.7,62.2,38,70.6,94,87,283.9,127.4,246.7,36.7,44.6,49.1,40.6,65.6,125.5,155.3,45.3,128.2,67.8,115.2,201.1,22,61.1,182,106.6,144.1,113.2,79.5,91.4,241.9,123.5,194.2,227.9,64.3,216.5,242.6,66.4,70.7,266.9,139.2,16.8,170.6,132.7,249.5,223,83.9,154.9,33.2,127.2,170.4,47.5,11.4,17.8,104.1,116.3,93,221.1,106,128,140.3,55,225.7,80.3,230.6,97.4,47.1,164.9,158.5,271.5,87.2,51.9,204.6,169.8,146.1,48.6,187.2,132.1,159.5,194.3,247.6,197.1,159.5,89.5,138.2,133.4,176.6,112.3,96.7,110.6,171.4,27.8,234.2,73.5,92.3,224.1,185.3,158.5,63.3,148.7,174.8,46.2,93,187.3
"ClayCounty",191.5,139,171.2,48,178.6,264.6,238.7,225.5,126.2,128.2,146.1,146,193.8,122.2,278.1,249.8,261.2,175.3,25.9,235.9,229.2,168.8,283.4,211.1,289.4,62.4,267.8,216.6,250.1,7.6,182.1,173.4,199.5,151.8,89.9,272.6,115.7,146.9,128,97.7,303.3,241.5,67,196,150.9,110.5,57.6,185,30.7,160.5,279.1,284,222.9,220.5,274.6,167.6,254.4,223.8,277.7,188.3,257.4,233.8,229.7,248.2,90.6,213.8,216.9,267.6,244,200,184.8,101.7,291.3,147.2,196,130.1,121.9,252.7,194.2,175.3,231.3,248.3,202.5,162.2,159.6,137,175.4,64,247,263.1,231.4,137.7,251.4,239.7,242.3,97,265,84.5,129.3,44,64.9,163.8,181.6,238.4,265.4,80,216.9,244.9,268.6,204.2,120.5,240.5,185.9,145.2,214.4,134.2,190.6,25.9,298.8,26.6,281.8,203.8,85,275.2,64.2,157.3,283.7,46.5,74.6,108.4,229.3,217,109.1,157.6,46.3,92.6,99.1,194.3,297.8,191.7,124.1,97.4,155.5,292.2,137.5,292.1,223.8,168.5,227.4,211.7,210,63,169.1,270.1,269.4,119.9,246.1,175.5,79
"ClaytonCounty",199.6,211.6,202.5,199.9,102.8,93.3,67.4,65,162.3,200.8,74.7,110.4,250.9,218.3,227.2,198.9,182.5,39.8,187.4,321.4,178.3,58.6,122.9,275.3,238.5,120.3,107.3,56.1,78.8,182.1,6.2,246,39,185.1,196.9,145.5,195.3,36.4,69.5,134.7,142.8,81,235.2,24.7,129.6,117.7,173.6,32,195.4,242.2,228.2,112.7,171.9,199.3,114.1,15.6,93.9,63.3,106.4,17.8,96.9,131.7,294.4,87.7,221.3,86.7,45.6,96.3,72.7,113.5,63.2,87.3,120,60.1,17.5,93,175.7,81.4,61.1,181.2,151.3,201.4,138,86.4,39.7,216.6,124.5,168.9,238.4,136,227,217.3,90.9,128,277.4,96,93.7,95.2,52.1,208.7,197.6,50.9,164.6,67.1,104.9,102.3,45.5,73.6,97.3,43.7,90.9,80,230.9,37.9,67.7,121.3,87.8,157.6,127.5,162.5,154.7,32.5,104.6,215.8,228.9,24.1,112.4,136.5,121,70.8,102.2,197.7,80.7,158.7,164.6,222.2,171.7,169.2,126.4,148,65.4,151.2,94.9,131.7,51.5,131.6,52.5,241.1,118.2,140.2,234.6,120.7,160.3,98.8,108.9,149.4,118.9,99.7,161.9
"ClinchCounty",85.9,34.5,72.8,127.3,177.3,279.9,278.3,307.4,83.4,61.4,178,128.3,61.8,70.7,130.7,141.5,183.8,218.6,153.9,103.8,134.8,301,365.3,79.1,148.9,184.4,349.7,298.5,248.8,173.4,246,14.8,281.4,53.4,84.8,214.1,63.5,278.8,180.9,114.9,385.1,315.3,130.9,260.9,110.9,131.8,116.3,274.4,173.1,46.7,158.9,262.1,137.7,119.8,356.5,255.3,336.3,297.6,284.4,260.1,339.3,192,97.7,330,109.3,218.4,281.8,332.5,308.9,194,305.6,223.7,280.5,269.2,232.7,162,75,272.3,226.1,76.9,172.4,164.5,143.5,194.1,205.4,41.3,125.7,127.4,115,230.6,99.3,47.8,325.2,204.6,110.2,155.1,263.2,184.4,228.8,153.8,119.6,195.7,108.9,220.1,347.3,202,243.6,242.2,242.8,286,163.8,322.4,53.9,217,310,123.1,199.8,179.5,363.7,158.7,205.1,251.6,166.8,166.9,155.6,226,298.3,178.5,146.8,207.7,216.3,111.1,184.1,90.7,140.9,91.5,75.1,113.4,362.6,120.2,246,96.6,156.2,374,205.7,374,263.4,40,205.3,168.1,78,164.3,108.4,335,351.3,105.4,233.2,160.1,98.4
"CobbCounty",235,247,237.9,218.3,122.9,83.2,57.3,30.3,197.7,236.2,110.1,145.8,286.3,253.7,262.6,234.3,200.2,75.2,204.8,356.8,213.7,49.4,88.2,310.7,273.9,137.7,72.6,21.4,78.7,199.5,39,281.4,9.5,220.5,232.3,163.2,230.6,53.8,107.7,170.1,108.1,53.7,249.1,30,165,153.1,209,30,212.8,277.6,263.6,112.6,207.4,234.7,79.4,51.1,59.2,41.3,96.3,17.9,62.2,149.4,329.8,53,256.7,104.4,35.5,86.2,62.6,131.2,47.5,104.7,109.9,69.4,52.9,128.4,211.1,71.3,89.7,216.6,169,219.1,173.4,121.8,78,252,159.9,204.3,273.8,143.8,262.4,252.7,68.9,145.7,312.8,134.3,93.6,131.8,82,226.1,233,86.3,200,84.8,70.2,119.7,63.3,75.6,97.2,19.7,126.3,45.3,266.3,76.1,43.7,156.7,105.5,175,117.4,179.9,172.4,50.2,142.9,233.5,246.3,62.3,102.3,153.9,159.3,107.4,119.9,233.1,119,194.1,182,257.6,207.1,204.6,117.6,183.4,82.8,186.6,130.3,97,89.8,96.9,60.7,276.5,135.9,157.9,270,166.3,195.7,88.7,74.2,184.8,125.7,135.1,197.3
"CoffeeCounty",48.1,20.9,27.8,120.9,123.9,226.5,204.9,246.5,39.6,46.4,115.8,74.9,64.1,80.9,112.4,107.1,131.1,150.2,132.3,106.2,86.5,240.1,304.4,81.4,140.6,153.6,288.8,237.6,195.4,151.8,185.1,53.4,220.5,12.6,77.9,164.3,56.6,217.9,125.1,74,324.2,254.4,136.7,200,57.5,90.9,94.7,213.5,152.5,71.8,136.3,212.3,87.9,90.2,295.6,194.4,275.4,236.7,231,199.3,278.4,142.2,95,269.1,115.1,169.6,220.9,271.6,248,145.3,244.7,174.9,238.4,219.5,171.8,97.5,30.9,218.9,156.3,27.1,122.6,116.2,93.7,125.2,149.6,43.7,72.3,91.2,106.7,180.8,91,62.8,264.3,154.8,106.5,114.2,209.8,143.4,173,145.2,108.7,134.8,59.1,166.8,286.4,172.6,175.1,188.8,197.9,225.1,108,261.5,52,161.2,249.1,69.7,146.4,157.9,302.8,137.1,155.3,190.8,125.8,132.5,161.4,165.1,244.9,147.7,105.9,151.9,166.5,81.4,128.3,37.3,108.9,97.3,53.5,63.6,301.7,70.4,197.3,55.7,102.8,313.1,149.9,313.1,194.9,38.8,155.4,118.3,69.7,130,55,274,290.4,59.3,183.4,106.7,76.8
"ColquittCounty",117.5,65.1,97.3,42,161.3,280.3,229.1,258.2,56.7,38.9,128.8,112.1,119.8,30.1,181.8,179.3,201.5,169.4,70.2,161.9,158.7,214.6,316.1,137.2,206.9,108.2,300.5,249.3,222.2,89.7,196.9,84.8,232.3,77.9,12.1,255.3,23.9,192.7,131.7,65.7,336,266.1,59.1,211.7,103.2,82.7,40.1,225.2,85.5,70.9,208.6,255.6,161.9,159.6,307.4,206.1,287.1,248.4,257.8,211,290.1,216.5,155.7,280.9,38.5,196.5,232.6,283.4,259.7,182.7,256.4,147.5,265.2,193,183.5,112.8,48.8,268.4,176.9,101.3,187.6,188.4,156.7,144.9,156.3,45.2,129.6,51.3,173,245.8,157.4,45.9,276,222.4,168.3,105.9,236.6,106.5,160,66.3,31.4,146.5,123.2,193.6,298.1,125.8,194.4,215.6,224.8,236.9,114.6,273.2,112,167.8,260.9,100.3,173.3,103.4,314.5,82.6,264.5,202.5,90,204.7,83.8,176.8,299.5,102.3,78.4,130.4,212.1,150.9,114.1,92.9,64.8,25.8,27.4,135.8,313.5,134.5,169.9,47.4,138.2,324.9,156.5,324.8,214.2,94.6,210.1,194.4,136,88.2,110.7,285.8,302.1,72.3,228.8,158.3,28.8
"ColumbiaCounty",141.7,181.6,155.9,258.3,85.2,119.3,114.3,189.2,169.5,207.1,127.4,129.6,185.8,276.8,131.4,91,41.4,120.9,269.7,225.6,89.2,193.3,247,215.4,142.7,254.9,231.5,180.3,88.2,272.3,145.5,214.1,163.2,164.3,255.3,9,253.7,171,157.5,193.1,266.9,163.2,293.6,134.5,128.3,176.1,232.1,166.7,289.9,232.5,110.4,75.1,79.7,109.8,238.3,157.5,218,152.4,103.1,142.7,221,48.5,198.6,211.8,279.8,62.6,134.9,134.7,130.3,63.9,197.8,221.9,93.5,194.8,134.4,148.2,186.6,111.7,107.9,139,45.3,60.3,81.4,112.6,141.6,204.4,100.4,227.3,142.6,31.4,146.4,223.4,156,25.8,181.6,172.3,92.8,209.3,175.7,282.5,256,130.6,114.7,84.1,229,236.9,108.2,94.1,70.7,178.3,149.3,204.1,172.6,154.2,202.3,147.1,85.5,292.2,149.7,247.5,13.6,113.7,198,74.7,304.5,140.8,117.8,271.2,202.9,185.8,49.5,120,172.7,140.1,227.4,280.6,230.1,110.9,169,98.4,200,209.6,145.4,177.9,161.2,255.8,110.3,187.7,36,68.6,156.9,218.4,125.9,151.3,233.1,159.4,46.2,102.7,220.3
"CookCounty",96.3,43.8,76,66.5,159.7,278.7,227.5,256.6,53.1,17.7,127.2,110.5,98.6,26.9,160.6,160,184.1,167.8,96.1,140.7,139.5,250.2,314.5,115.9,185.7,133.6,298.9,247.7,220.6,115.7,195.3,63.5,230.6,56.6,23.9,253.7,7.9,228,130.1,64.1,334.4,264.5,82.8,210.1,101.6,81.1,65.5,223.6,116.4,51.6,183.6,254,141,138.4,305.8,204.5,285.5,246.8,256.2,209.4,288.5,214.9,134.5,279.3,61.2,194.9,231,281.8,258.1,181.1,254.8,172.9,263.6,218.4,181.9,111.2,44.6,266.8,175.3,80.1,175.6,169.2,148.4,143.3,154.7,24,121.3,76.7,151.8,244.2,136.2,26.7,274.4,220.9,147.1,104.3,235,133.6,178,90.7,55.8,144.9,112.2,192,296.5,151.2,192.8,214,223.2,235.3,113,271.6,90.8,166.2,259.3,98.7,171.7,128.8,312.9,108,208.3,200.9,116,185.4,107.4,175.2,297.9,127.7,96.1,156.9,210.4,129.6,133.3,86.3,90.2,43.4,26.3,116.6,311.9,123.5,195.3,45.8,136.6,323.3,154.9,323.2,212.6,73.3,208.5,192.8,114.8,113.6,104,284.2,300.5,70.7,227.2,156.6,47.6
"CowetaCounty",232.4,244.4,235.3,165.6,130.7,118.9,92.9,79.8,195,233.5,107.4,143.2,283.6,221.3,259.9,231.7,208.1,72.5,152.1,354.2,211.1,32.7,137.6,308.1,271.2,85,122.1,70.9,104.4,146.9,36.4,278.8,53.8,217.9,192.7,171,228,10.9,80.3,167.4,157.5,95.8,196.4,50.2,162.4,150.4,154.5,39.3,160.1,275,260.9,138.3,204.7,232,128.9,21.8,108.6,78,131.9,42.5,111.7,157.3,327.1,102.4,206.7,112.2,71.2,121.9,98.3,139.1,48.6,52,145.5,30.7,50.3,125.7,208.4,107,93.9,214,176.8,227,170.8,119.1,50.5,249.3,157.2,148.9,271.1,161.5,259.8,250,105.6,153.5,310.2,106.8,119.3,79.1,29.4,173.5,182.9,83.6,197.4,92.6,119.6,67.1,71.1,99.1,122.8,58.4,94.9,94.8,263.6,48.7,82.4,154,113.3,122.3,153,127.3,180.2,58.1,114,241.3,193.7,36.5,138,101.3,131,54.7,127.8,230.5,79.3,191.4,129.3,210.6,204.4,202,152,180.7,30.1,184,127.7,146.4,54.2,146.4,78,273.9,143.8,165.8,267.3,113.6,193.1,124.3,123.7,182.2,144.5,132.5,174.4
"CrawfordCounty",136,146.5,141.1,134.7,63.5,162,112.2,133.7,97.2,135.7,31,57.1,201.3,153.2,187.9,159.6,149.8,52.5,117.3,243.4,139,110.5,191.6,218.6,199.2,72.4,176,124.8,113.4,127.7,69.5,180.9,107.7,125.1,131.7,157.5,130.1,80.3,9.3,69.6,211.4,149.7,170.1,93.4,76.3,52.6,108.5,100.7,140.9,177.1,188.9,146.8,132.6,160,182.8,70.5,162.6,132,149,86.5,165.6,118.7,255.1,156.4,156.2,98.7,114.3,165,141.4,84.9,131.9,62.4,156.4,101.2,66.6,31.8,110.6,150.1,60.5,119.8,127.7,158.1,98.7,47.1,31.3,151.5,85.2,81.5,199.1,148,187.7,152.2,159.6,124.6,238.1,33.4,127.8,61.7,54.7,159,132.5,32.3,125.3,81.8,173.6,72.5,77.5,106.8,127,112.4,21.4,148.7,167,42.9,136.3,56.2,75.4,113.4,196.2,102.9,166.7,85.6,51,185,181,46.8,181.1,88.6,58.3,39,114.2,158.4,25.5,97.3,82.8,157.1,106.6,129.9,195.1,108.7,79.1,86.1,55.6,200.4,31.6,200.3,97.3,176,112.3,96.6,163.2,71.3,121,167.5,177.6,84.3,130.9,60.4,96.8
"CrispCounty",103.1,80.5,96.2,66.8,99.1,218.2,166.9,196.1,44.5,69.6,66.7,50,135.2,87.2,182.1,153.8,165.2,107.3,78.2,177.3,133.2,189.7,253.9,152.6,193.4,81.1,238.4,187.2,160.1,97.7,134.7,114.9,170.1,74.1,65.7,193.1,64.1,167.4,69.6,8.6,273.8,204,102.1,149.6,54.9,17.3,40.5,163.1,98.4,111.1,183,193.5,126.8,124.4,245.2,144,224.9,186.2,195.7,148.8,228,154.4,171.2,218.7,88.2,134.3,170.5,221.2,197.6,120.6,194.3,116.6,203,164,121.3,50.7,44.5,206.3,114.8,86.9,135.3,152.3,106.5,82.7,94.1,85.4,79.3,35.8,157.4,183.6,147.7,86.1,213.9,160.3,174.9,40.5,174.5,65.8,117.4,91,64.5,84.3,85.6,131.4,235.9,94.9,132.2,153.4,162.6,174.7,52.4,211.1,120.4,105.7,198.7,38.1,111.1,93.7,252.3,72.9,202.3,140.3,52.2,179.1,113,114.7,237.3,75.2,32.2,96.4,149.9,121,72.8,61.6,48.7,92.2,40.5,98.3,251.3,95.6,139,20.1,76.1,262.7,94.4,262.7,152,110,148,132.3,130.2,56.3,73.1,223.6,240,23.9,166.6,96.1,28.8
"DadeCounty",338.7,350.7,341.6,322,226.6,186.9,161,83.7,301.4,339.9,213.8,249.5,390,357.4,366.3,338,303.9,178.9,308.5,460.5,317.4,118,35,414.4,377.6,241.4,42.3,101.3,182.4,303.3,142.8,385.1,107.9,324.2,336,266.9,334.4,157.5,211.4,273.8,6.8,111.9,376.1,133.7,268.7,256.8,312.7,119.6,316.5,381.3,367.3,216.3,311.1,338.4,102.2,154.8,66.4,127.7,200,121.6,89,253.1,433.5,57.6,360.4,208.1,139.2,169.1,134.3,234.9,104.5,208.4,213.6,149.7,156.6,232.1,314.8,175,193.4,320.3,272.7,322.9,277.1,225.5,181.7,355.7,263.6,308,377.5,247.5,366.1,356.4,127.7,249.4,416.5,238,197.3,235.5,185.7,329.8,336.7,190,303.7,188.5,63,223.4,167,179.3,200.9,107.4,230,91.2,370,179.8,92.9,260.4,209.2,278.7,161.1,283.6,276.1,153.9,246.6,337.2,362.2,166,179.6,257.6,263,211.1,223.6,336.8,222.7,297.8,285.7,361.3,310.8,308.3,136.6,287.1,186.5,290.3,234,115.8,193.5,21.1,164.4,380.2,239.6,261.6,373.7,270,299.4,154,49.5,288.5,229.4,238.9,301
