"County","AdairCounty","AndrewCounty","AtchisonCounty","AudrainCounty","BarryCounty","BartonCounty","BatesCounty","BentonCounty","BollingerCounty","BooneCounty","BuchananCounty","ButlerCounty","CaldwellCounty","CallawayCounty","CamdenCounty","CapeGirardeauCounty","CarrollCounty","CarterCounty","CassCounty","CedarCounty","CharitonCounty","ChristianCounty","ClarkCounty","ClayCounty","ClintonCounty","ColeCounty","CooperCounty","CrawfordCounty","DadeCounty","DallasCounty","DaviessCounty","DeKalbCounty","DentCounty","DouglasCounty","DunklinCounty","FranklinCounty","GasconadeCounty","GentryCounty","GreeneCounty","GrundyCounty","HarrisonCounty","HenryCounty","HickoryCounty","HoltCounty","HowardCounty","HowellCounty","IronCounty","JacksonCounty","JasperCounty","JeffersonCounty","JohnsonCounty","KnoxCounty","LacledeCounty","LafayetteCounty","LawrenceCounty","LewisCounty","LincolnCounty","LinnCounty","LivingstonCounty","McDonaldCounty","MaconCounty","MadisonCounty","MariesCounty","MarionCounty","MercerCounty","MillerCounty","MississippiCounty","MoniteauCounty","MonroeCounty","MontgomeryCounty","MorganCounty","NewMadridCounty","NewtonCounty","NodawayCounty","OregonCounty","OsageCounty","OzarkCounty","PemiscotCounty","PerryCounty","PettisCounty","PhelpsCounty","PikeCounty","PlatteCounty","PolkCounty","PulaskiCounty","PutnamCounty","RallsCounty","RandolphCounty","RayCounty","ReynoldsCounty","RipleyCounty","StCharlesCounty","StClairCounty","SteGenevieveCounty","StFrancoisCounty","StLouisCounty","SalineCounty","SchuylerCounty","ScotlandCounty","ScottCounty","ShannonCounty","ShelbyCounty","StoddardCounty","StoneCounty","SullivanCounty","TaneyCounty","TexasCounty","VernonCounty","WarrenCounty","WashingtonCounty","WayneCounty","WebsterCounty","WorthCounty","WrightCounty","StLouiscity"
"AdairCounty",12.3,161.3,212.9,103.2,311.9,284.4,228.8,165.5,298.3,88.5,152,342.9,111.4,121,188.2,299.4,104.8,295.6,193.4,238.4,70.9,263.1,70.8,154.7,140.2,125.9,123,205.1,260.9,216.4,92.7,114.7,213,275.8,397.3,189.8,168,133.6,253.7,67.6,114,177.1,201,181.6,86.9,277.3,272.5,170.2,312.1,219.9,156.6,27,207,134.2,286.4,54.3,145.7,49.6,78.5,352.6,31.5,279.7,163.1,77.5,81.6,153.6,347.6,143.5,70.5,140,161.2,361.4,329.2,165.9,299.5,144.7,292.9,382.2,273.1,135,185.6,119.4,169.8,227.1,186.7,46.7,103.5,58,135.6,260.1,324.5,173.6,203.6,251.8,254.3,193.1,103.6,22.7,48.1,321.6,257.9,63,337.7,295.7,34,294,233.4,257,160.4,239.7,311.3,243.6,150,243.5,199.3
"AndrewCounty",161.3,10.8,56.4,212.4,273.9,193.1,137.6,188.5,414.1,196.7,21.3,458.6,66.3,226.4,220.2,415.1,107.2,390.8,110.9,200.2,134.7,256.1,218.5,64.9,46.3,231.3,177.5,310.4,226.9,229,68.4,45.1,318.4,304.2,513.1,295.1,273.3,59.8,237.2,93.2,91.2,148.3,207,25.1,171.3,344.3,377.9,79,220.8,335.6,128.7,184.4,251,118.1,254.6,211.7,262.4,114.1,83.8,261.4,142,395.5,268.4,201.7,113.7,228.8,463.3,198.6,181.2,245.4,203.1,477.1,237.9,30.8,383.9,250.1,321.3,497.9,388.9,156.2,291,236.1,48.9,209.4,263.9,144.8,216.3,166.4,90.1,365.5,420,289.3,177.1,367.6,370.1,308.9,143.8,172.9,195.8,437.4,363.3,173.8,453.5,284.6,120.6,287,331.9,165.8,265.8,345.1,427,268.2,62.5,289.1,315
"AtchisonCounty",212.9,56.4,12,264.1,325.6,244.8,189.2,240.1,465.8,248.4,68.7,510.3,118,278,271.9,466.8,158.9,442.4,162.5,251.9,186.4,307.7,228.9,116.5,97.9,282.9,229.1,362.1,278.5,280.7,120,96.7,370,355.8,564.8,346.8,325,74.2,288.9,144.8,101.6,200,258.7,32,222.9,396,429.5,130.6,272.5,387.3,180.3,236.1,302.6,169.8,306.3,263.4,314,165.8,135.5,313,193.7,447.1,320.1,253.4,124,280.5,515,250.2,232.9,297,254.7,528.8,289.6,36.7,435.5,301.8,373,549.6,440.5,207.8,342.6,287.7,100.6,261,315.6,155.1,267.9,218,141.7,417.1,471.7,341,228.8,419.3,421.7,360.6,195.5,183.3,206.1,489,414.9,225.5,505.1,336.3,172.3,338.6,383.6,217.5,317.4,396.7,478.7,319.8,70.7,340.8,366.7
"AudrainCounty",103.2,212.4,264.1,13.6,245.6,233.6,214.1,144.5,206.3,47.6,224.8,250.9,162.6,35.2,121.9,207.3,114.2,209.4,183.1,199.4,87.2,196.9,120.1,175.4,205.8,59.6,79,108.5,216.1,150.1,176.7,192.1,146.7,209.5,305.3,87.3,73.9,229.3,187.4,155.6,211.5,156.1,149,232.8,73.9,211.1,170.1,165.6,254.9,127.9,144.6,92.2,140.8,133.1,220.1,105.4,75.2,109.6,129.7,283.6,82.5,187.7,96.8,66.8,178.2,87.4,255.5,79.1,37.9,32.2,107,269.4,260.2,241.6,233.3,78.5,226.7,290.1,181.1,113.9,119.4,49.3,195.6,168.9,120.4,149.3,41.2,52.1,161.1,173.9,238.3,81.5,182.5,159.8,162.3,101.1,106.3,125.3,118.4,229.6,191.6,61.1,245.7,229.4,136.7,227.7,167.1,207.7,58,137.3,219.2,177.4,245.7,177.2,107.3
"BarryCounty",311.9,273.9,325.6,245.6,14.5,84.1,137,149.5,282.1,225.1,258.9,247.5,270.2,214.6,142.7,300,231.6,204.7,168.8,92.6,253.1,61,358.6,214,246.5,190.7,207.7,200.9,66.5,101.8,272.3,275.8,185.7,110,289.6,233.1,221.3,312.9,58.8,297.1,295.1,147.4,125.9,294.3,235.3,158.2,256.4,198,63,266.9,176.8,322.7,114.3,200.6,39,343.9,288,261.8,258.6,45.3,291.2,279.5,179.9,305.3,317.6,169.3,309.5,187.9,268.4,251.2,165.9,300.9,46.3,303.1,197.8,213.8,111.9,311.8,306.1,176.1,171,287.8,229.7,87.5,143.4,317.3,279.7,260.8,232,227.4,234,270,128.4,277.6,251.7,271.9,205.5,334,348.9,307.5,187.6,291.5,273,36.5,294.7,59.2,145.8,108.6,257.5,241.8,251.7,94.5,329.3,114.1,271.9
"BartonCounty",284.4,193.1,244.8,233.6,84.1,12.6,56.2,107.6,316.8,202.8,178.1,282.1,189.4,202.5,130.7,334.6,187.5,239.4,88.1,60.8,211.1,104.7,341.6,133.3,165.7,178.6,170.8,215.4,37.1,106.8,191.5,195,213,152.8,324.3,247.6,235.8,232.1,90.2,216.3,214.3,97.1,89.3,213.5,193.4,192.9,281.6,117.2,31,281.4,130.5,307.5,128.9,148,64.8,334.8,281.7,237.2,206.9,71.6,265.1,294,194.5,293.2,236.8,157.3,344.1,167.7,260.9,239.2,145.5,335.6,48.1,222.4,232.5,201.6,169.9,346.4,320.7,134.1,185.6,275.8,148.9,82.1,157.9,267.9,267.6,222.3,151.2,262,268.6,283.1,73,292.2,266.3,286.5,163.6,296,318.9,342.2,222.3,296.9,307.7,111.7,243.7,135.5,180.5,27.8,259.6,256.4,286.4,109.1,248.5,130,286.4
"BatesCounty",228.8,137.6,189.2,214.1,137,56.2,15,83.6,329.6,171.1,122.5,314.6,133.8,200.7,117.5,389.5,131.9,271.9,32.5,63.3,170.4,137.2,286,77.7,110.2,155.8,151.8,221.4,90,115.2,135.9,139.4,218.9,185.2,356.8,231.4,202,176.6,118.3,160.7,158.8,51.9,88.1,157.9,161.6,225.4,287.6,61.6,83.9,310,75,252,138.9,92.5,117.7,279.2,262.2,181.6,151.3,124.4,209.5,300,182.9,267.1,181.2,139.5,376.6,127.8,229.1,219.7,113.8,368.1,101,166.8,265,178.8,202.4,378.9,363.2,92.4,191.6,256.3,93.4,90.5,163.9,212.3,248.2,190.5,95.7,266,301.1,263.6,58.2,341.9,272.3,283.2,131.8,240.5,263.3,411.7,244.9,241.3,340.2,164.6,188.1,168,213,28.9,240.1,262.4,318.9,149.3,193,170.2,289.4
"BentonCounty",165.5,188.5,240.1,144.5,149.5,107.6,83.6,14.1,263.4,101.4,173.4,278.1,141.3,110,48.8,319.8,95.5,235.4,81.2,79,109.7,100.7,250.7,124,154.5,86.1,69.3,155.2,101.5,57.5,164.9,183.7,152.8,148.8,320.3,161.6,132.3,220.9,91.3,148.4,203.1,38.2,41.6,208.8,91.9,188.9,221.4,107.4,135.2,240.3,65.1,188.7,79.5,88.9,123.9,215.9,192.6,118.4,122.5,175.8,146.2,233.9,111.9,197.4,171,69.8,368,66.2,159.5,150,44,381.8,152.4,217.7,228.5,109,165.9,402.6,293.5,32.7,125.4,186.6,144.3,67.7,97.7,173.9,178.5,120.8,116.9,199.9,264.7,193.9,44.1,232,206.1,213.6,62.1,187.6,212.5,342,178.3,182.6,303.7,133.2,151.4,131.6,139.8,81.6,170.4,196.2,265.4,105.1,237.3,115.9,219.7
"BollingerCounty",298.3,414.1,465.8,206.3,282.1,316.8,329.6,263.4,12.8,221.9,399.1,67.2,359.8,209.5,219.1,26.7,314,83.1,357.4,273.8,288.2,228.9,275.6,349.6,380.1,196.1,253.3,114.4,274.3,226,383.5,409.3,115.8,197.9,83.2,132.5,150.4,446.5,231.3,361.1,428.7,286.9,246.2,434.5,248.1,153.5,63.5,339.9,295.7,86.1,318.8,277.1,198.9,307.4,260.9,260.8,158.3,315.2,335.3,324.4,288,31,150.9,222.2,383.8,194.5,78.2,253.4,237.5,174.5,228,78.5,301,443.3,140.5,186.3,192.5,112.8,36.4,288.2,142.4,187,369.9,243.3,169.4,344.5,209.2,257.7,335.4,86.2,96.4,132,281.5,56.1,58.1,116.1,280.6,320.5,299.7,47.1,120.1,257.5,40.5,261.5,331.9,241.8,155.3,304.9,157.9,79.8,43,206.7,462.9,188.4,112.2
"BooneCounty",88.5,196.7,248.4,47.6,225.1,202.8,171.1,101.4,221.9,13.5,181.7,266.4,142.4,34.2,101.4,222.9,96.6,208.8,140,174.3,72.5,176.3,150.7,132.3,162.7,39,35.9,118.2,196.8,129.5,162,177.5,126.2,188.9,320.9,102.9,81.1,214.7,166.8,140.9,196.8,113,128.4,217.1,30.8,190.5,185.6,122.5,230.5,143.4,101.5,100.4,120.2,90,199.5,136,95.7,94.9,115,263,67.8,203.2,76.2,97.3,163.5,66.8,271.1,56.3,59.4,53.2,74.1,284.9,239.6,225.9,212.7,57.9,206.1,305.7,196.7,70.8,98.8,89.8,152.5,148.3,99.8,134.7,81.6,37.4,118,173.2,237.6,97.1,139.4,175.4,177.9,116.7,63.3,110.6,126.6,245.2,171.1,82.6,261.3,208.8,122,207.1,146.6,176.9,73.6,152.9,234.8,156.8,231.1,156.6,122.8
"BuchananCounty",152,21.3,68.7,224.8,258.9,178.1,122.5,173.4,399.1,181.7,10.5,443.6,57.1,211.3,205.2,400.1,98,375.7,95.8,185.1,125.5,241,209.3,49.8,33.4,216.2,162.4,295.4,211.9,214,59.1,35.8,303.3,289.1,498,280.1,258.3,59.7,222.2,83.9,82,133.3,192,37.3,172.3,329.3,362.8,63.9,205.8,320.6,113.6,175.2,235.9,103.1,239.6,202.5,272.9,104.9,74.6,246.3,132.8,380.4,253.4,192.5,104.4,213.8,448.3,183.5,172,230.3,188,462.1,222.9,46.2,368.8,235.1,306.3,482.9,373.8,141.1,276,226.8,33.9,194.3,248.9,135.5,207,157.1,75,350.4,405,274.3,162.1,352.5,355,293.9,128.8,163.7,186.5,422.3,348.2,164.6,438.4,269.6,111.4,271.9,316.9,150.8,250.7,330,412,253.1,76.1,274.1,300
"ButlerCounty",342.9,458.6,510.3,250.9,247.5,282.1,314.6,278.1,67.2,266.4,443.6,13.6,404.3,254.1,216.8,88.5,358.5,42.7,328.4,254.9,332.7,194.3,320.1,394.2,424.6,211.9,297.8,139.9,239.7,230.4,428,453.9,117.1,151.8,42.6,157.7,172.8,491,196.6,405.7,473.2,285.5,254.5,479,292.7,105,86.5,384.5,261,132,314.8,321.6,185,351.9,226.2,305.4,202.8,359.7,379.8,289.8,332.6,63.8,166.7,266.7,428.3,212,69.3,233.4,282,219.1,239.9,53.9,266.3,487.8,74.9,190.7,142,64.7,102.5,270.8,147.1,231.6,414.4,225.6,174.8,389,253.7,302.2,379.9,69.9,30.7,176.5,266.5,107.7,91.8,160.6,325.1,365,344.2,67.4,85.6,302,32.9,226.8,376.4,191.3,125.3,289.9,182.1,113.4,33,172.1,507.4,153.7,156.7
"CaldwellCounty",111.4,66.3,118,162.6,270.2,189.4,133.8,141.3,359.8,142.4,57.1,404.3,10.7,172.1,183.9,360.8,57.4,346.7,98.5,196.5,84.9,213.6,181.2,59.7,45.2,177,123.2,256.1,223.2,192.7,30.6,46,264.1,261.7,458.8,240.8,219,83.2,194.7,49.9,65.4,105.8,164.5,86.7,121.5,301.8,323.6,75.2,217.1,281.4,83.8,134.6,214.7,60.4,250.9,161.9,212.6,64.3,34,257.6,92.2,341.2,214.1,151.9,87.9,176.8,409,144.3,131.4,191.1,155.9,422.9,234.2,95.5,341.4,195.8,278.8,443.6,334.6,105,236.7,186.2,74.8,166.9,211.9,108.6,166.4,116.5,31.1,311.1,375.5,235,134.6,313.3,315.8,254.6,81.5,133.6,158.4,383.1,309,124,399.2,242.1,86.1,244.4,275,162.1,211.5,290.8,372.7,225.7,99.6,246.6,260.7
"CallawayCounty",121,226.4,278,35.2,214.6,202.5,200.7,110,209.5,34.2,211.3,254.1,172.1,15,90.8,210.5,126.2,198.3,169.6,168.3,100.4,165.8,148.2,161.9,192.3,28.5,65.5,107.7,185,119,195.7,221.6,115.6,178.4,308.5,90.5,70.6,258.8,156.3,173.4,240.9,142.6,117.9,246.7,60.4,180,173.3,152.2,223.8,131.1,131.1,112.3,109.7,119.7,189,133.5,83.3,127.4,147.5,252.5,100.3,190.9,65.7,94.8,196,56.3,258.7,48,57.9,40.8,75.9,272.6,229.1,255.6,202.2,47.4,195.6,293.4,184.3,100.5,88.3,77.4,182.1,137.8,89.3,167.2,69.3,69.9,147.6,162.7,227.1,84.7,148,163,165.5,104.3,92.9,143.1,138.5,232.8,160.5,81.1,248.9,198.3,154.5,196.6,136,176.6,61.2,140.5,222.4,146.3,275.2,146.1,110.4
"CamdenCounty",188.2,220.2,271.9,121.9,142.7,130.7,117.5,48.8,219.1,101.4,205.2,216.8,183.9,90.8,13.7,242.4,138.1,174,115.1,96.4,131.6,93.9,234.9,160.3,192.8,67,69.4,110.9,113.1,47.2,207.6,222.1,108.5,106.6,258.9,143.1,108.2,259.2,84.5,191.1,241.4,72.2,46.1,240.6,91.6,132.4,177.1,144.3,152,177,107.8,199,37.8,131.5,117.2,220.2,170,161,165.2,180.7,167.5,189.6,72.4,181.6,213.7,45.6,290.6,59.2,144.6,127.5,27.6,270.2,157.3,249.4,172,89.9,123.7,281.1,216.2,75.3,81.1,164.1,176,65.9,53.5,216.6,156,137.1,159.5,155.6,208.2,171.4,75.1,187.7,161.8,182,104.8,210.3,225.2,264.7,134.1,167.8,242.3,126.4,194,124.8,95.5,104.7,147.9,151.9,221.1,74.4,275.6,74.3,182
"CapeGirardeauCounty",299.4,415.1,466.8,207.3,300,334.6,389.5,319.8,26.7,222.9,400.1,88.5,360.8,210.5,242.4,12.5,315,101,358.4,297.1,289.2,246.8,276.6,350.6,381.1,234.9,254.3,137.7,292.2,249.3,384.5,410.3,127,215.8,101.7,133.5,165.5,447.5,249.1,362.1,429.7,331.4,269.5,435.5,249.2,171.4,74.7,340.9,313.5,87.2,319.9,278.1,222.3,308.4,278.7,261.9,159.3,316.2,336.3,342.2,289.1,50.5,174.2,223.2,384.8,217.8,51.9,254.4,238.5,175.6,282.3,65.7,318.8,444.3,161.9,187.3,210.3,86.5,32.5,289.2,165.8,188.1,370.9,266.6,192.7,345.5,210.2,258.7,336.4,97.4,117.7,133,304.8,57.2,81.4,117.1,281.6,321.5,300.7,26,137.9,258.5,50.9,279.3,332.9,259.6,166.5,328.2,158.9,103.1,60.9,224.6,463.9,206.2,113.2
"CarrollCounty",104.8,107.2,158.9,114.2,231.6,187.5,131.9,95.5,314,96.6,98,358.5,57.4,126.2,138.1,315,13.6,300.9,100.9,152.7,46.9,190.1,174.6,67.9,86.1,131.1,77.4,210.3,179.3,146.9,71.5,86.9,218.2,238.1,413,195,173.2,124.1,173.3,53.2,106.3,84.4,130.9,127.5,67.7,278.3,277.7,77.2,215.2,235.5,62.3,128,168.9,39.9,206,155.3,187.8,57.7,27.4,255.7,85.6,295.3,168.3,129.3,75.8,131,363.2,98.4,91.4,145.3,110,377,232.3,136.4,304.8,150,255.3,397.8,288.8,64.9,190.9,149.6,83,145.4,166.1,102,121.1,62.7,42.5,265.3,329.7,189.2,113.2,267.5,269.9,208.8,34.2,127,151.8,337.3,263.1,117.4,353.3,222.6,79.5,220.9,229.1,160.2,165.6,245,326.9,194.4,140.5,205.3,214.9
"CarterCounty",295.6,390.8,442.4,209.4,204.7,239.4,271.9,235.4,83.1,208.8,375.7,42.7,346.7,198.3,174,101,300.9,11.6,285.7,212.1,275.1,151.5,327.9,330.9,363.3,178.5,230.2,106.5,196.9,187.6,389.1,392.6,83.7,120.5,84.8,151.2,139.4,429.8,153.9,348,412,242.7,211.8,411.1,235,76.1,65.5,314.8,218.3,139.8,272,329.5,142.2,294.3,183.4,313.2,210.6,302.1,322.1,247,274.9,71.7,133.2,274.6,370.6,178.6,104.7,200,240.6,177.6,197.2,96.1,223.6,420,60.4,157.2,115.1,107,114.7,237.4,113.6,239.4,346.5,182.8,141.4,341.8,227.6,244.5,322.3,36.5,38.1,184.4,223.7,115.5,99.6,168.4,267.5,317.8,352.1,102.8,42.8,263.7,68.2,184,329.1,164.3,82.5,247.1,175.6,102.8,53.5,129.3,446.2,110.9,164.6
"CassCounty",193.4,110.9,162.5,183.1,168.8,88.1,32.5,81.2,357.4,140,95.8,328.4,98.5,169.6,115.1,358.4,100.9,285.7,13.6,95.1,139.3,151,250.7,51,74.8,140.4,120.8,221.6,121.8,123.9,100.5,104,219.2,199.1,370.6,238.4,186.4,141.2,132.1,125.3,123.4,43.2,101.9,131.2,130.6,239.2,287.8,26.1,115.7,278.9,43.9,216.6,145.9,61.4,149.5,243.9,231.2,146.3,116,156.3,174.2,338.7,176.4,236,145.9,134.3,406.6,114.1,198.1,188.6,108.6,420.4,132.9,140.1,278.8,163.2,216.2,441.2,332.1,77,191.8,225.2,66.6,104.3,164.1,176.9,217.1,159.4,64.6,266.3,315,232.6,72,310.9,313.3,252.2,100.7,205.1,227.9,380.6,258.7,206,354,179.5,152.8,181.9,226.8,60.7,209,262.6,332.7,163.1,157.6,184,258.3
"CedarCounty",238.4,200.2,251.9,199.4,92.6,60.8,63.3,79,273.8,174.3,185.1,254.9,196.5,168.3,96.4,297.1,152.7,212.1,95.1,11.5,182.6,77.4,312.3,140.3,172.8,144.4,142.2,165.6,28.5,55.5,198.5,202,163.2,125.5,297,197.8,186.1,239.2,58.6,223.3,221.4,68.6,59.8,220.5,164.8,165.6,231.8,124.2,77.7,231.7,97.9,261.6,79.1,121.7,56.6,297.6,247.4,191.3,179.8,117.5,219.1,244.3,144.8,259,243.8,123,316.9,139.1,232.4,204.9,116.9,308.3,94.1,229.4,205.2,167.3,142.6,319.2,270.9,105.6,135.8,241.5,156,30.7,108.2,246.8,233.4,193.7,158.3,210.3,241.4,234.8,44.5,242.4,216.5,236.7,135,260.6,285.4,315,185.1,255.6,280.4,106,224.3,108.3,153.2,34.8,222.3,206.6,259.1,89.5,255.6,110.5,236.7
"CharitonCounty",70.9,134.7,186.4,87.2,253.1,211.1,170.4,109.7,288.2,72.5,125.5,332.7,84.9,100.4,131.6,289.2,46.9,275.1,139.3,182.6,14.3,204.3,140.6,106.4,113.6,105.3,66.5,184.5,205.1,161.1,99,114.4,192.4,252.3,387.2,169.2,147.4,151.6,194.8,77.9,133.8,121.3,145.1,155.1,40.7,256.8,251.9,115.7,238.8,209.7,100.8,88.9,165,78.3,227.5,121.3,149,31.9,52,279.4,44.6,269.5,142.5,104.3,100.5,133.1,337.4,92.4,64.4,119.5,104.7,351.2,255.9,163.9,279,124.2,269.5,372,263,79.1,165.1,122.7,121.4,171.3,166.1,86.3,94.1,35.8,80.9,239.5,303.9,163.4,147.7,241.7,244.1,183,47.7,93,117.9,311.5,237.4,76.4,327.5,236.8,63.7,235.1,212.9,185.2,139.9,219.2,301.1,208.7,168,201.4,189.1
"ChristianCounty",263.1,256.1,307.7,196.9,61,104.7,137.2,100.7,228.9,176.3,241,194.3,213.6,165.8,93.9,246.8,190.1,151.5,151,77.4,204.3,12.2,309.8,196.2,228.6,141.9,158.9,152.1,62.2,53,254.4,257.9,132.5,50.3,236.4,184.3,172.5,295.1,19.2,243,277.3,108,77.1,276.4,186.5,105,203.1,180.1,83.6,218.1,137.4,273.9,65.5,161.2,48.8,295.1,239.2,212.9,217.1,92.5,242.4,217.5,131.1,256.5,265.6,120.5,256.3,139.1,219.6,202.4,117.1,247.7,71.2,285.3,144.6,165,67.4,258.6,257.3,127.3,122.2,239,211.9,48.1,94.6,268.5,230.9,212,189.1,174.2,180.8,221.2,89,228.8,202.9,223.1,156.7,285.2,300.1,254.4,134.4,242.7,219.8,35.6,245.9,33.1,92.6,112.4,208.7,193,198.5,45.7,311.5,60.9,223.1
"ClarkCounty",70.8,218.5,228.9,120.1,358.6,341.6,286,250.7,275.6,150.7,209.3,320.1,181.2,148.2,234.9,276.6,174.6,327.9,250.7,312.3,140.6,309.8,11.6,211.9,197.4,172.6,185.3,205.7,329,263.1,158.1,176.6,249.2,322.5,374.5,178.4,171,161,300.4,129.1,141.4,262.4,262,238.9,149.4,313.5,275.3,227.4,369.3,197.1,226.3,52.3,253.7,203.9,333.1,41.9,122.9,119.3,148.3,396.6,101.2,256.9,209.8,54.7,109.1,200.4,324.8,192.1,92,129.4,220,338.6,373.2,193.3,335.8,191.5,339.6,359.4,250.3,220.2,221.9,96.6,227,281.8,233.4,74.1,80.7,120.6,205.4,271,344.5,150.8,288.8,229.1,231.5,170.4,173.3,52.7,25.4,298.8,294.1,85.6,314.9,342.4,97,340.7,269.6,314.3,149,228.3,288.5,290.3,176.7,290.2,176.5
"ClayCounty",154.7,64.9,116.5,175.4,214,133.3,77.7,124,349.6,132.3,49.8,394.2,59.7,161.9,160.3,350.6,67.9,330.9,51,140.3,106.4,196.2,211.9,10.4,36,166.8,113,245.9,167,169.1,61.8,65.3,253.9,244.3,448.6,230.6,208.9,102.5,177.3,86.6,84.7,88.4,147.1,85.2,122.8,284.4,313.4,19.1,160.9,271.2,64.2,177.9,191.1,56.5,194.7,205.1,223.4,107.6,77.2,201.5,135.4,331,203.9,195.2,107.1,164.3,398.9,134.1,150.9,180.9,138.6,412.7,178.1,94.1,324,185.6,261.4,433.5,324.4,91.7,226.5,217.5,20.6,149.5,199.4,138.2,180.6,122.2,30.8,301,360.1,224.8,117.2,303.1,305.6,244.4,82.2,166.4,189.2,372.9,298.8,167.2,389,224.7,114,227.1,272,105.9,201.3,280.6,362.5,208.3,118.9,229.2,250.6
"ClintonCounty",140.2,46.3,97.9,205.8,246.5,165.7,110.2,154.5,380.1,162.7,33.4,424.6,45.2,192.3,192.8,381.1,86.1,363.3,74.8,172.8,113.6,228.6,197.4,36,10.6,197.2,143.5,276.4,199.5,201.6,47.3,50.7,284.3,276.7,479.1,261.1,239.3,74.8,209.8,72.1,70.1,120.9,179.6,66.6,153.3,316.9,343.8,51.5,193.4,301.6,94.7,163.3,223.6,78.8,227.2,190.6,253.9,93,62.7,233.9,120.9,361.4,234.4,180.6,92.6,194.8,429.3,164.5,160.1,211.4,169,443.1,210.5,75.5,356.4,216.1,293.9,463.9,354.9,122.1,257,214.9,38.4,181.9,229.9,123.6,195.1,145.2,48.1,331.4,392.6,255.3,149.7,333.6,336,274.9,99.9,151.8,174.6,403.4,329.2,152.7,419.4,257.2,99.5,259.5,304.5,138.4,231.8,311.1,393,240.8,91.2,261.7,281
"ColeCounty",125.9,231.3,282.9,59.6,190.7,178.6,155.8,86.1,196.1,39,216.2,211.9,177,28.5,67,234.9,131.1,178.5,140.4,144.4,105.3,141.9,172.6,166.8,197.2,10.3,56.6,87.9,161.1,95.1,200.6,226.5,95.9,154.6,254.1,80.2,50.8,263.7,132.4,178.3,245.8,107.7,94.1,251.6,65.3,160.2,158.1,157.1,200,125.9,96.2,136.7,85.8,124.5,165.1,157.9,107.7,132.3,152.4,228.7,105.2,166.6,45.9,119.2,200.9,32.4,283.1,26.3,82.3,65.2,52.1,297,205.3,260.5,182.4,27.6,171.7,317.7,208.7,63.8,68.5,101.8,187,113.9,65.4,172.1,93.7,74.8,152.5,142.9,207.3,109.1,124.1,187.4,138.8,128.7,97.8,148,162.9,257.2,140.8,105.5,237.5,174.4,159.4,172.8,116.3,152.7,85.6,128.9,198.1,122.4,280,122.2,134.8
"CooperCounty",123,177.5,229.1,79,207.7,170.8,151.8,69.3,253.3,35.9,162.4,297.8,123.2,65.5,69.4,254.3,77.4,230.2,120.8,142.2,66.5,158.9,185.3,113,143.5,56.6,12.3,139.6,164.7,112.1,146.9,172.7,147.6,171.6,352.2,134.3,102.5,209.9,149.4,130.3,192.1,80.9,104.8,197.8,26.4,197.4,217,103.3,198.4,174.8,82.2,134.9,102.8,70.8,182.1,170.5,127.1,100.3,104.4,245.7,102.3,234.6,97.6,131.9,152.9,62.8,302.5,30.3,94,84.5,42.5,316.3,222.3,206.7,234.1,79.3,188.7,337.1,228,38.8,120.2,121.1,133.3,130.9,97.9,155.8,113,55.3,98.8,194.6,259,128.5,107.3,206.7,209.2,148.1,44,145.2,161.1,276.5,192.5,117.2,292.6,191.4,133.3,189.8,156.9,144.8,104.9,184.2,266.2,139.4,226.3,139.2,154.2
"CrawfordCounty",205.1,310.4,362.1,108.5,200.9,215.4,221.4,155.2,114.4,118.2,295.4,139.9,256.1,107.7,110.9,137.7,210.3,106.5,221.6,165.6,184.5,152.1,205.7,245.9,276.4,87.9,139.6,14,179.1,117.8,279.8,305.6,42.2,147.4,182.1,50.3,38.5,342.8,142.6,257.5,325,178.7,138,330.8,144.5,126,79.5,236.2,210.1,76.4,179.3,194,90.8,203.7,175.3,191,105.3,211.5,231.6,238.8,184.4,84.8,42.7,152.3,280.1,86.3,185.9,109.4,139.7,76.8,119.8,199.7,215.4,339.6,128.7,64.3,168.4,220.5,111.5,146.8,34.3,134.1,266.2,135.1,61.2,251.2,126.7,154,231.7,71,135.4,87.2,173.3,83,57.1,89.2,176.9,227.2,220.3,160,87.1,162.9,153.8,184.6,238.6,182.9,82,196.7,74.7,40.8,116.4,127.3,359.2,127.2,89.1
"DadeCounty",260.9,226.9,278.5,216.1,66.5,37.1,90,101.5,274.3,196.8,211.9,239.7,223.2,185,113.1,292.2,179.3,196.9,121.8,28.5,205.1,62.2,329,167,199.5,161.1,164.7,179.1,11.6,72.2,225.2,228.7,176.7,110.3,281.8,211.3,199.6,265.9,41.2,250,248.1,95.2,79.5,247.2,187.3,150.4,245.3,150.9,51.6,245.2,124.5,284.1,92.6,148.3,30.5,314.3,266.3,213.8,206.4,91.4,241.6,257.8,158.3,275.7,270.5,139.8,301.7,158.4,238.8,221.6,139.4,293.1,68,256.1,190,192.1,127.4,304,284.4,128.1,149.3,258.2,182.7,47.4,121.7,269.3,250.1,216.2,185,219.6,226.2,248.3,72.9,255.9,230,250.2,157.5,283.1,307.9,299.8,168.4,262,265.2,77.4,246.8,93.1,138.1,61.5,235.8,220.1,244,72.8,282.3,93.8,250.2
"DallasCounty",216.4,229,280.7,150.1,101.8,106.8,115.2,57.5,226,129.5,214,230.4,192.7,119,47.2,249.3,146.9,187.6,123.9,55.5,161.1,53,263.1,169.1,201.6,95.1,112.1,117.8,72.2,12,216.4,230.8,115.3,101,272.6,150,138.2,268,43.5,199.9,250.2,81,33.9,249.4,143.4,141.2,184,153.1,111,183.8,116.5,227.1,31.3,140.3,76.2,248.4,198.2,169.8,174,139.7,195.7,196.4,96.9,209.7,222.5,73.8,292.4,92.4,172.8,155.7,70.3,283.9,116.3,258.2,180.7,118.1,118.2,294.7,223.1,84.1,88,192.3,184.8,24.9,60.3,225.3,184.1,165.3,168.3,162.4,216.9,186.9,67.1,194.6,168.7,188.9,113.5,238.5,253.4,271.5,130.2,196,256,85.5,202.8,83.8,91.7,90.5,176.1,158.8,228,57.3,284.4,67.7,188.8
"DaviessCounty",92.7,68.4,120,176.7,272.3,191.5,135.9,164.9,383.5,162,59.1,428,30.6,195.7,207.6,384.5,71.5,389.1,100.5,198.5,99,254.4,158.1,61.8,47.3,200.6,146.9,279.8,225.2,216.4,12.3,29.1,287.7,302.5,482.5,264.5,242.7,48.6,235.6,31.8,30.8,146.6,205.4,88.7,135.6,342.6,347.2,77.3,219.1,305,107.4,119.1,238.4,84.1,253,146.4,226.7,78.4,48.1,259.7,106.3,364.8,237.8,166,53.3,200.5,432.7,167.9,145.5,214.8,179.5,446.5,236.3,80.9,382.2,219.5,319.6,467.3,358.3,128.6,260.4,200.3,76.9,207.7,235.6,84.3,180.5,130.6,54.8,334.8,418.4,258.7,175.4,337,339.4,278.3,105.4,112.5,135.4,406.7,332.6,138.1,422.8,283,59.3,285.3,330.2,164.1,235.1,314.5,396.4,266.5,65,287.5,284.4
"DeKalbCounty",114.7,45.1,96.7,192.1,275.8,195,139.4,183.7,409.3,177.5,35.8,453.9,46,221.6,222.1,410.3,86.9,392.6,104,202,114.4,257.9,176.6,65.3,50.7,226.5,172.7,305.6,228.7,230.8,29.1,10.6,313.6,306,508.3,290.3,268.5,41.2,239.1,53.9,49.3,150.1,208.8,65.4,151,346.1,373.1,80.8,222.6,330.9,123.9,141.1,252.8,99.6,256.5,168.4,242.1,93.8,63.5,263.2,121.7,390.7,263.6,181.4,71.8,224,458.5,193.8,160.9,240.6,198.3,472.4,239.8,58.5,385.7,245.3,323.1,493.1,384.1,151.4,286.2,215.8,63.5,211.2,259.1,102.9,196,146.1,70.2,360.7,421.9,284.5,178.9,362.8,365.3,304.1,120.8,131.1,153.9,432.6,358.5,153.5,448.7,286.4,81.3,288.8,333.7,167.6,261,340.3,422.2,270,57.6,291,310.3
"DentCounty",213,318.4,370,146.7,185.7,213,218.9,152.8,115.8,126.2,303.3,117.1,264.1,115.6,108.5,127,218.2,83.7,219.2,163.2,192.4,132.5,249.2,253.9,284.3,95.9,147.6,42.2,176.7,115.3,287.7,313.6,14.1,106,159.3,93.8,82.1,350.8,140.1,265.4,333,176.2,135.6,338.7,152.4,84.5,69.7,244.2,207.7,104.9,187.2,223.8,88.3,211.6,172.9,234.5,148.8,219.4,239.5,236.4,192.3,86.2,50.6,195.9,288,95.9,179.1,117.3,169.4,120.3,129.5,170.6,213,347.6,90.1,74.6,126.9,181.4,129.1,154.8,31,177.6,274.1,132.7,58.7,259.2,170.3,161.9,239.6,48.1,112.5,130.8,170.8,100.6,74.7,132.7,184.9,235.1,250,152.6,48.5,192.6,142.7,165,246.5,145.3,40.6,194.2,118.3,72.2,113.1,103,367.2,76.3,132.6
"DouglasCounty",275.8,304.2,355.8,209.5,110,152.8,185.2,148.8,197.9,188.9,289.1,151.8,261.7,178.4,106.6,215.8,238.1,120.5,199.1,125.5,252.3,50.3,322.5,244.3,276.7,154.6,171.6,147.4,110.3,101,302.5,306,106,14.7,193.9,179.6,167.9,343.2,67.2,291.1,325.3,156.1,125.2,324.5,193.7,48.6,172.1,228.2,131.7,213.5,185.4,286.6,72.8,209.2,96.8,307.8,234.6,261,265.2,160.4,255.1,186.5,138.6,269.1,313.7,133.2,219.6,151.8,232.2,215.1,129.8,205.2,120.2,333.4,88.2,160.4,40.1,214.3,234,175.3,114,251.7,259.9,96.2,102,316.6,243.6,224.7,237.2,143.2,124.4,216.6,137.1,205.5,179.6,218.5,204.8,297.9,312.8,217.6,105.3,255.4,183.1,84,294,58.5,66.1,160.5,204.1,177.2,167.5,48.3,359.5,38.2,218.5
"DunklinCounty",397.3,513.1,564.8,305.3,289.6,324.3,356.8,320.3,83.2,320.9,498,42.6,458.8,308.5,258.9,101.7,413,84.8,370.6,297,387.2,236.4,374.5,448.6,479.1,254.1,352.2,182.1,281.8,272.6,482.5,508.3,159.3,193.9,12,199.9,215,545.5,238.8,460.1,527.7,327.6,296.7,533.4,347.1,147.2,128.7,438.9,303.2,185.1,357,376.1,227.2,406.4,268.4,359.8,257.3,414.2,434.3,331.9,387,106,208.8,321.2,482.7,254.2,74.4,275.6,336.5,273.5,282.1,41.5,308.5,542.3,117.1,232.8,184.2,27.2,130.4,313,189.2,286,468.9,267.7,217,443.5,308.2,356.6,434.4,112.1,72.9,231,308.7,155.1,133.9,215.1,379.6,419.5,398.7,80.6,127.7,356.5,45,269,430.8,233.5,167.4,332,256.9,155.6,75.1,214.2,561.9,195.9,211.2
"FranklinCounty",189.8,295.1,346.8,87.3,233.1,247.6,231.4,161.6,132.5,102.9,280.1,157.7,240.8,90.5,143.1,133.5,195,151.2,238.4,197.8,169.2,184.3,178.4,230.6,261.1,80.2,134.3,50.3,211.3,150,264.5,290.3,93.8,179.6,199.9,15.7,34,327.5,174.8,242.1,309.7,183.2,170.2,315.5,129.2,158.2,88.8,220.9,242.3,47.8,171.5,179.9,123,188.4,207.5,163.7,61.1,196.2,216.3,271,169.1,94.5,63.1,125,264.8,100.1,181.7,101.6,118.5,55.6,127.6,195.5,247.6,324.3,180.4,55.8,200.6,216.3,107.3,139.1,66.5,89.8,250.9,167.3,93.4,235.9,105.5,138.7,216.4,115.6,182.1,46.6,205.5,86,66.8,49.3,161.6,211.9,202.5,155.8,138.7,141.7,171.8,216.8,223.3,215.1,114.2,228.9,30.5,56.1,126.1,159.6,343.9,159.4,49.2
"GasconadeCounty",168,273.3,325,73.9,221.3,235.8,202,132.3,150.4,81.1,258.3,172.8,219,70.6,108.2,165.5,173.2,139.4,186.4,186.1,147.4,172.5,171,208.9,239.3,50.8,102.5,38.5,199.6,138.2,242.7,268.5,82.1,167.9,215,34,11.8,305.7,163,220.4,287.9,153.9,135.2,293.7,107.4,146.4,112.4,199.1,230.6,79.8,142.2,159.4,111.2,166.6,195.7,156.3,84.7,174.4,194.5,259.3,147.3,120.8,43,117.7,243,78.6,213.7,72.3,105.1,42.1,98.3,227.5,235.8,302.5,168.6,26.5,188.8,248.3,139.2,109.7,54.7,87,229.1,155.6,81.6,214.1,92.1,116.9,194.6,103.8,168.2,86.1,170.3,117.9,93.1,81.3,139.9,190.1,185.6,187.7,127,128.2,189.8,205,201.5,203.3,102.5,193.9,62.5,79.5,152.4,147.8,322.1,147.6,81.2
"GentryCounty",133.6,59.8,74.2,229.3,312.9,232.1,176.6,220.9,446.5,214.7,59.7,491,83.2,258.8,259.2,447.5,124.1,429.8,141.2,239.2,151.6,295.1,161,102.5,74.8,263.7,209.9,342.8,265.9,268,48.6,41.2,350.8,343.2,545.5,327.5,305.7,11.4,276.2,76.8,33.7,187.3,246,80.1,188.2,383.3,410.3,118,259.8,368,161.1,160,290,136.7,293.6,187.3,279.3,131,100.7,300.4,158.9,427.9,300.8,218.6,56.2,261.2,495.7,231,198.1,277.8,235.5,509.5,277,38.7,422.9,282.5,360.3,530.3,421.3,188.6,323.4,253,87.3,248.4,296.3,87.3,233.2,183.3,107.4,397.9,459,321.7,216.1,400,402.5,341.3,158,115.4,138.3,469.8,395.7,190.7,485.9,323.6,102.5,326,370.9,204.8,298.2,377.5,459.4,307.2,22.8,328.1,347.4
"GreeneCounty",253.7,237.2,288.9,187.4,58.8,90.2,118.3,91.3,231.3,166.8,222.2,196.6,194.7,156.3,84.5,249.1,173.3,153.9,132.1,58.6,194.8,19.2,300.4,177.3,209.8,132.4,149.4,142.6,41.2,43.5,235.6,239.1,140.1,67.2,238.8,174.8,163,276.2,13.4,226.3,258.4,89.2,67.6,257.6,177.1,107.4,208.8,161.3,69.1,208.6,118.5,264.4,56.1,142.3,34.3,285.7,229.8,203.5,200.4,97.8,233,221.2,121.7,247,248.9,111.1,258.6,129.7,210.1,193,107.7,250.1,74.4,266.4,146.9,155.6,84.4,260.9,247.9,117.8,112.8,229.6,193,29.3,85.1,259,221.4,202.6,170.3,176.5,183.1,211.8,70.2,219.4,193.5,213.7,147.3,275.8,290.7,256.7,136.8,233.3,222.2,43.7,236.5,50,95,93.6,199.2,183.6,200.9,36.3,292.6,57.2,213.6
"GrundyCounty",67.6,93.2,144.8,155.6,297.1,216.3,160.7,148.4,361.1,140.9,83.9,405.7,49.9,173.4,191.1,362.1,53.2,348,125.3,223.3,77.9,243,129.1,86.6,72.1,178.3,130.3,257.5,250,199.9,31.8,53.9,265.4,291.1,460.1,242.1,220.4,76.8,226.3,10.8,57.2,137.3,183.9,113.5,114.4,331.2,324.9,102.1,243.9,282.7,115.3,94.1,221.8,92.9,277.8,121.3,205.5,57.3,26,284.5,85.1,342.5,215.4,144.9,24.9,183.9,410.4,151.4,124.3,192.4,163,424.2,261.1,109.1,351.9,197.1,308.2,445,335.9,117.9,238,179.2,101.7,198.4,219.1,55.3,159.4,109.5,74.1,312.5,376.9,236.3,166.1,314.6,317.1,255.9,87.2,83.5,106.3,384.4,310.3,116.9,400.5,275.5,34.2,273.9,285.8,188.9,212.8,292.1,374,247.4,93.2,258.3,262.1
"HarrisonCounty",114,91.2,101.6,211.5,295.1,214.3,158.8,203.1,428.7,196.8,82,473.2,65.4,240.9,241.4,429.7,106.3,412,123.4,221.4,133.8,277.3,141.4,84.7,70.1,245.8,192.1,325,248.1,250.2,30.8,49.3,333,325.3,527.7,309.7,287.9,33.7,258.4,57.2,13.9,169.5,228.2,111.6,170.4,365.5,392.5,100.2,242,350.2,143.3,140.4,272.2,118.9,275.8,167.7,261.5,113.2,82.9,282.5,141.1,410,283,200.8,36.6,243.4,477.9,213.1,180.3,260,217.6,491.7,259.1,66,405,264.7,342.5,512.5,403.5,170.8,305.6,235.2,99.7,230.6,278.5,67.7,215.3,165.4,89.6,380,441.2,303.9,198.3,382.2,384.6,323.5,140.2,95.8,118.7,452,377.9,172.9,468,305.8,84.7,308.1,353.1,187,280.4,359.7,441.6,289.4,42,310.3,329.6
"HenryCounty",177.1,148.3,200,156.1,147.4,97.1,51.9,38.2,286.9,113,133.3,285.5,105.8,142.6,72.2,331.4,84.4,242.7,43.2,68.6,121.3,108,262.4,88.4,120.9,107.7,80.9,178.7,95.2,81,146.6,150.1,176.2,156.1,327.6,183.2,153.9,187.3,89.2,137.3,169.5,13.9,59,168.6,103.6,196.3,244.9,72.3,124.8,251.9,29.6,200.3,102.9,53.4,121.9,227.6,204.2,130,111.5,165.3,157.9,257.3,133.5,209,159.9,91.4,347.5,79.6,171.1,161.6,65.6,338.9,141.9,177.5,235.8,130.7,173.3,349.8,305.1,44.3,148.9,198.2,104.1,61.3,121.2,185.5,190.1,132.4,81.4,223.3,272,205.6,29.1,283.9,229.6,225.2,73.7,199.3,224.1,353.6,215.8,194.3,311,136.6,163,138.9,183.9,71.2,182,219.6,289.8,120.1,203.7,141.1,231.3
"HickoryCounty",201,207,258.7,149,125.9,89.3,88.1,41.6,246.2,128.4,192,254.5,164.5,117.9,46.1,269.5,130.9,211.8,101.9,59.8,145.1,77.1,262,147.1,179.6,94.1,104.8,138,79.5,33.9,205.4,208.8,135.6,125.2,296.7,170.2,135.2,246,67.6,183.9,228.2,59,10.4,227.4,127.4,165.3,204.2,131.1,117,204,88.3,224.1,55.9,112.1,100.3,247.3,197.1,153.8,158,163.9,181.7,216.6,99.5,208.6,206.5,72.7,316.5,91.3,171.7,154.6,69.3,308,140.4,236.2,204.9,117,142.3,318.8,243.3,68.1,108.2,191.2,162.8,45.7,80.5,209.4,183.1,156.3,140.1,182.6,241,198.5,40,214.8,188.9,209.1,97.6,223.1,248,291.8,154.8,194.9,280.1,109.6,186.8,107.9,116.3,63.4,175,179,248.2,81.5,262.4,92.3,209
"HoltCounty",181.6,25.1,32,232.8,294.3,213.5,157.9,208.8,434.5,217.1,37.3,479,86.7,246.7,240.6,435.5,127.5,411.1,131.2,220.5,155.1,276.4,238.9,85.2,66.6,251.6,197.8,330.8,247.2,249.4,88.7,65.4,338.7,324.5,533.4,315.5,293.7,80.1,257.6,113.5,111.6,168.6,227.4,11.1,191.6,364.6,398.2,99.3,241.2,356,149,204.8,271.3,138.5,275,232.1,282.7,134.5,104.2,281.7,162.3,415.8,288.8,222.1,134,249.2,483.7,218.9,201.6,265.7,223.4,497.5,258.3,50.2,404.2,270.5,341.6,518.3,409.2,176.5,311.3,256.4,69.3,229.7,284.3,165.1,236.6,186.7,110.4,385.8,440.4,309.7,197.5,387.9,390.4,329.3,164.2,193.3,216.1,457.7,383.6,194.1,473.8,305,141,307.3,352.3,186.1,286.1,365.4,447.4,288.5,81.8,309.5,335.4
"HowardCounty",86.9,171.3,222.9,73.9,235.3,193.4,161.6,91.9,248.1,30.8,172.3,292.7,121.5,60.4,91.6,249.2,67.7,235,130.6,164.8,40.7,186.5,149.4,122.8,153.3,65.3,26.4,144.5,187.3,143.4,135.6,151,152.4,193.7,347.1,129.2,107.4,188.2,177.1,114.4,170.4,103.6,127.4,191.6,11.2,216.7,211.9,113.1,221.1,169.7,92,98.8,124.9,80.6,209.8,134.7,122,68.5,88.6,261.6,57.5,229.5,102.5,96.1,137,93.1,297.4,52.4,58.2,79.4,64.6,311.2,238.2,200.5,238.9,84.2,210.8,332,222.9,61.4,125,116,143.1,153.5,126.1,122.8,87.9,29.5,95.1,199.5,263.9,123.4,130,201.6,204.1,143,38.9,109.1,125,271.4,197.3,81.3,287.5,219.1,100.3,217.4,172.8,167.4,99.8,179.1,261.1,161.5,204.6,161.4,149.1
"HowellCounty",277.3,344.3,396,211.1,158.2,192.9,225.4,188.9,153.5,190.5,329.3,105,301.8,180,132.4,171.4,278.3,76.1,239.2,165.6,256.8,105,313.5,284.4,316.9,160.2,197.4,126,150.4,141.2,342.6,346.1,84.5,48.6,147.2,158.2,146.4,383.3,107.4,331.2,365.5,196.3,165.3,364.6,216.7,15.7,127.8,268.3,171.8,192,225.6,288.1,95.8,249.4,137,298.8,213.2,283.8,305.4,200.5,256.6,142.1,114.9,260.2,353.8,140.2,172.8,176.1,233.8,184.6,155.6,158.5,177.1,373.5,41.5,138.9,46.5,167.5,185.1,215.5,92.5,241.9,300.1,136.3,103,323.5,234.6,226.3,277.4,98.8,77.7,195.1,177.3,185.9,158.1,197.1,244.9,299.5,314.3,170.9,61,257,136.4,120.2,310.8,95.8,44.7,200.6,182.6,155.7,123.2,82.8,399.7,64.5,197
"IronCounty",272.5,377.9,429.5,170.1,256.4,281.6,287.6,221.4,63.5,185.6,362.8,86.5,323.6,173.3,177.1,74.7,277.7,65.5,287.8,231.8,251.9,203.1,275.3,313.4,343.8,158.1,217,79.5,245.3,184,347.2,373.1,69.7,172.1,128.7,88.8,112.4,410.3,208.8,324.9,392.5,244.9,204.2,398.2,211.9,127.8,12.1,303.7,276.3,77.2,249.4,276.9,157,271.1,241.5,260.6,158,278.9,299,305,251.8,34,112.9,221.9,347.5,156.5,126.2,179.6,201.2,138.3,190,140.1,281.6,407.1,112.1,138.2,166.7,160.9,70.9,217,99.7,186.8,333.6,201.3,127.4,318.7,188.3,221.4,299.1,29.9,94.3,131.7,239.5,68.7,47,115.8,244.4,294.6,299.5,100.3,70.4,224.4,112.1,235.7,306,216,109.2,262.9,113.3,44.6,54.9,171.6,426.7,145,112
"JacksonCounty",170.2,79,130.6,165.6,198,117.2,61.6,107.4,339.9,122.5,63.9,384.5,75.2,152.2,144.3,340.9,77.2,314.8,26.1,124.2,115.7,180.1,227.4,19.1,51.5,157.1,103.3,236.2,150.9,153.1,77.3,80.8,244.2,228.2,438.9,220.9,199.1,118,161.3,102.1,100.2,72.3,131.1,99.3,113.1,268.3,303.7,12.8,144.9,261.5,47.6,193.4,175,44,178.7,220.6,213.7,123,92.7,185.4,150.9,321.3,194.2,210.6,122.6,147.8,389.1,112.2,180.6,171.2,122,403,162,108.2,307.9,175.9,245.3,423.8,314.7,75.1,216.8,207.8,34.8,133.4,182.9,153.7,199.7,142,44.8,291.3,344.1,215.1,101.2,293.4,295.9,234.7,83.3,181.8,204.7,363.2,289.1,182.7,379.3,208.7,129.5,211,255.9,89.8,191.6,270.9,352.8,192.2,134.4,213.2,240.9
"JasperCounty",312.1,220.8,272.5,254.9,63,31,83.9,135.2,295.7,230.5,205.8,261,217.1,223.8,152,313.5,215.2,218.3,115.7,77.7,238.8,83.6,369.3,160.9,193.4,200,198.4,210.1,51.6,111,219.1,222.6,207.7,131.7,303.2,242.3,230.6,259.8,69.1,243.9,242,124.8,117,241.2,221.1,171.8,276.3,144.9,13,276.1,158.2,335.2,123.6,175.7,43.7,353.2,297.3,264.9,234.6,39.4,292.8,288.8,189.2,314.5,264.5,178.6,323,197.2,277.6,260.5,175.2,314.5,24.9,250,211.4,223.1,148.8,325.3,315.4,161.8,180.3,297.1,176.6,96.8,152.6,295.5,289,249.9,178.9,240.9,247.6,279.3,100.7,286.9,261,281.2,191.2,323.7,346.5,321.1,201.2,300.8,286.6,90.6,271.4,114.4,159.4,55.5,266.8,251.1,265.3,103.8,276.2,124.7,281.1
"JeffersonCounty",219.9,335.6,387.3,127.9,266.9,281.4,310,240.3,86.1,143.4,320.6,132,281.4,131.1,177,87.2,235.5,139.8,278.9,231.7,209.7,218.1,197.1,271.2,301.6,125.9,174.8,76.4,245.2,183.8,305,330.9,104.9,213.5,185.1,47.8,79.8,368,208.6,282.7,350.2,251.9,204,356,169.7,192,77.2,261.5,276.1,13.3,240.4,198.6,156.8,228.9,241.3,182.4,79.8,236.7,256.8,304.9,209.6,68.8,108.7,143.7,305.3,152.3,135.4,147.4,159,96.1,173.4,149.2,281.4,364.9,182.1,101.6,234.4,170,60.9,209.7,100.3,108.6,291.4,201.2,127.2,266.1,130.7,179.2,256.9,99.9,156.4,53.5,239.3,39.6,43.4,37.6,202.2,242,221.3,109.4,140.4,179,125.5,250.6,253.4,248.9,148.1,262.7,66.3,41.8,100.4,193.4,384.4,193.2,37.5
"JohnsonCounty",156.6,128.7,180.3,144.6,176.8,130.5,75,65.1,318.8,101.5,113.6,314.8,83.8,131.1,107.8,319.9,62.3,272,43.9,97.9,100.8,137.4,226.3,64.2,94.7,96.2,82.2,179.3,124.5,116.5,107.4,123.9,187.2,185.4,357,171.5,142.2,161.1,118.5,115.3,143.3,29.6,88.3,149,92,225.6,249.4,47.6,158.2,240.4,14.9,179.8,138.5,31.4,151.2,207,192.6,109.4,89.4,198.8,137.3,300.2,137.3,197.5,137.9,105.4,368,69.9,159.6,150.1,79.7,381.9,175.3,157.9,265.1,118.9,202.6,402.7,293.6,32.8,159.8,186.7,84.5,90.7,140.6,164.1,178.6,120.9,59.3,234.3,301.3,194,58.4,272.3,274.8,213.6,62.2,178.7,203.6,342.1,232.1,169.1,358.2,165.9,141.5,168.2,198.8,103.2,170.5,220.2,331.7,149.4,177.5,170.4,219.8
"KnoxCounty",27,184.4,236.1,92.2,322.7,307.5,252,188.7,277.1,100.4,175.2,321.6,134.6,112.3,199,278.1,128,329.5,216.6,261.6,88.9,273.9,52.3,177.9,163.3,136.7,134.9,194,284.1,227.1,119.1,141.1,223.8,286.6,376.1,179.9,159.4,160,264.4,94.1,140.4,200.3,224.1,204.8,98.8,288.1,276.9,193.4,335.2,198.6,179.8,11.6,217.8,157.3,297.1,33,124.5,72.8,101.7,375.8,54.6,258.4,173.8,56.3,108.1,164.4,326.3,156.1,54.8,117.7,173.1,340.1,352.3,213.6,310.3,155.5,303.7,360.9,251.9,158.1,196.4,98.2,192.9,245.9,197.4,73.2,82.2,69.9,158.8,259.4,346,152.3,226.7,230.6,233.1,171.9,126.7,49.1,29.6,300.4,268.7,36.6,316.5,306.4,60.5,304.8,244.2,280.2,150.6,229.9,290,254.4,176.4,254.2,178
"LacledeCounty",207,251,302.6,140.8,114.3,128.9,138.9,79.5,198.9,120.2,235.9,185,214.7,109.7,37.8,222.3,168.9,142.2,145.9,79.1,165,65.5,253.7,191.1,223.6,85.8,102.8,90.8,92.6,31.3,238.4,252.8,88.3,72.8,227.2,123,111.2,290,56.1,221.8,272.2,102.9,55.9,271.3,124.9,95.8,157,175,123.6,156.8,138.5,217.8,14.3,162.3,88.8,239,177.9,191.8,195.9,152.3,186.3,169.4,69.9,200.4,244.4,64.4,247,83.1,163.5,146.3,61,238.5,128.9,280.2,135.3,103.7,89.9,249.3,196,106.1,60.9,182.9,206.8,48.6,33.3,253.2,174.8,155.9,190.3,135.4,171.5,159.9,90.8,167.5,141.6,161.9,135.5,229.1,244,244.5,100.1,186.6,210.6,98.1,224.8,96.4,61.5,114.1,147.4,131.7,200.9,40.8,306.4,40.5,161.8
"LafayetteCounty",134.2,118.1,169.8,133.1,200.6,148,92.5,88.9,307.4,90,103.1,351.9,60.4,119.7,131.5,308.4,39.9,294.3,61.4,121.7,78.3,161.2,203.9,56.5,78.8,124.5,70.8,203.7,148.3,140.3,84.1,99.6,211.6,209.2,406.4,188.4,166.6,136.7,142.3,92.9,118.9,53.4,112.1,138.5,80.6,249.4,271.1,44,175.7,228.9,31.4,157.3,162.3,13,175,184.6,181.2,87,67,216.3,114.9,288.7,161.7,160.7,115.5,124.4,356.6,91.8,122.8,138.7,103.4,370.4,192.8,147.3,289,143.4,226.4,391.2,282.2,52.5,184.3,175.3,73.9,114.5,159.5,141.6,167.1,94.2,36,258.7,323.1,182.6,82.2,260.9,263.4,202.2,50.8,156.3,181.2,330.7,256.5,146.7,346.8,189.7,119.1,192,222.6,120.7,159.1,238.4,320.3,173.3,153.1,194.2,208.3
"LawrenceCounty",286.4,254.6,306.3,220.1,39,64.8,117.7,123.9,260.9,199.5,239.6,226.2,250.9,189,117.2,278.7,206,183.4,149.5,56.6,227.5,48.8,333.1,194.7,227.2,165.1,182.1,175.3,30.5,76.2,253,256.5,172.9,96.8,268.4,207.5,195.7,293.6,34.3,277.8,275.8,121.9,100.3,275,209.8,137,241.5,178.7,43.7,241.3,151.2,297.1,88.8,175,12.7,318.4,262.5,236.2,233.1,72.4,265.7,253.9,154.4,279.7,298.3,143.8,288.2,162.4,242.8,225.7,140.3,279.7,49,283.8,176.6,188.3,114,290.5,280.6,150.5,145.5,262.3,210.4,62,117.8,291.8,254.1,235.3,212.7,206.1,212.7,244.4,102.9,252.1,226.2,246.4,179.9,308.5,323.4,286.3,166.4,266,251.8,49.9,269.2,64.6,124.6,89.3,231.9,216.3,230.5,69,310,89.9,246.3
"LewisCounty",54.3,211.7,263.4,105.4,343.9,334.8,279.2,215.9,260.8,136,202.5,305.4,161.9,133.5,220.2,261.9,155.3,313.2,243.9,297.6,121.3,295.1,41.9,205.1,190.6,157.9,170.5,191,314.3,248.4,146.4,168.4,234.5,307.8,359.8,163.7,156.3,187.3,285.7,121.3,167.7,227.6,247.3,232.1,134.7,298.8,260.6,220.6,353.2,182.4,207,33,239,184.6,318.4,11.6,108.2,100,129,381.9,81.9,242.2,195.1,40,135.4,185.6,310.1,177.4,77.3,114.7,205.3,323.9,358.5,240.9,321,176.7,324.9,344.7,235.6,185.4,207.1,81.9,220.2,267.1,218.7,100.4,65.9,105.8,186.1,256.3,329.8,136.1,254,214.3,216.8,155.6,154,76.4,55,284.1,279.4,66.3,300.2,327.7,87.8,326,254.9,307.5,134.3,213.6,273.8,275.6,203.7,275.5,161.8
"LincolnCounty",145.7,262.4,314,75.2,288,281.7,262.2,192.6,158.3,95.7,272.9,202.8,212.6,83.3,170,159.3,187.8,210.6,231.2,247.4,149,239.2,122.9,223.4,253.9,107.7,127.1,105.3,266.3,198.2,226.7,242.1,148.8,234.6,257.3,61.1,84.7,279.3,229.8,205.5,261.5,204.2,197.1,282.7,122,213.2,158,213.7,297.3,79.8,192.6,124.5,177.9,181.2,262.5,108.2,13,159.6,179.6,326,132.4,139.6,129.9,69.6,228.1,135.5,207.5,127.2,90.4,48.3,155.1,221.3,302.6,291.6,235.4,105.1,255.6,242.1,133.1,162,121.5,34.4,243.7,216.9,148.4,191.9,56.6,113.8,209.2,180.7,227.2,33.5,230.6,111.8,114.2,53.1,154.4,167.9,147.1,181.5,193.7,104.8,197.6,271.8,179.2,270.1,169.2,255.8,31.7,111,171.2,214.5,295.7,214.4,59.2
