"FAFZone","AdairCounty","AndrewCounty","AtchisonCounty","AudrainCounty","BarryCounty","BartonCounty","BatesCounty","BentonCounty","BollingerCounty","BooneCounty","BuchananCounty","ButlerCounty","CaldwellCounty","CallawayCounty","CamdenCounty","CapeGirardeauCounty","CarrollCounty","CarterCounty","CassCounty","CedarCounty","CharitonCounty","ChristianCounty","ClarkCounty","ClayCounty","ClintonCounty","ColeCounty","CooperCounty","CrawfordCounty","DadeCounty","DallasCounty","DaviessCounty","DeKalbCounty","DentCounty","DouglasCounty","DunklinCounty","FranklinCounty","GasconadeCounty","GentryCounty","GreeneCounty","GrundyCounty","HarrisonCounty","HenryCounty","HickoryCounty","HoltCounty","HowardCounty","HowellCounty","IronCounty","JacksonCounty","JasperCounty","JeffersonCounty","JohnsonCounty","KnoxCounty","LacledeCounty","LafayetteCounty","LawrenceCounty","LewisCounty","LincolnCounty","LinnCounty","LivingstonCounty","McDonaldCounty","MaconCounty","MadisonCounty","MariesCounty","MarionCounty","MercerCounty","MillerCounty","MississippiCounty","MoniteauCounty","MonroeCounty","MontgomeryCounty","MorganCounty","NewMadridCounty","NewtonCounty","NodawayCounty","OregonCounty","OsageCounty","OzarkCounty","PemiscotCounty","PerryCounty","PettisCounty","PhelpsCounty","PikeCounty","PlatteCounty","PolkCounty","PulaskiCounty","PutnamCounty","RallsCounty","RandolphCounty","RayCounty","ReynoldsCounty","RipleyCounty","StCharlesCounty","StClairCounty","SteGenevieveCounty","StFrancoisCounty","StLouisCounty","SalineCounty","SchuylerCounty","ScotlandCounty","ScottCounty","ShannonCounty","ShelbyCounty","StoddardCounty","StoneCounty","SullivanCounty","TaneyCounty","TexasCounty","VernonCounty","WarrenCounty","WashingtonCounty","WayneCounty","WebsterCounty","WorthCounty","WrightCounty","StLouiscity"
"11",692.84,804.36,856.02,600.81,575.11,634.62,667.11,630.63,423.44,616.39,789.32,375.4,754.3,604.01,574.15,397.18,708.49,417.66,680.92,607.35,682.7,546.74,670.06,740.34,774.58,628.4,647.74,531.2,592.17,582.9,777.97,803.81,492.28,490.35,337.84,526.99,558.93,841,549.11,755.62,823.2,638,607.02,824.71,642.65,443.62,471.51,729.99,613.53,480.63,700.28,671.59,537.51,701.89,578.72,655.34,552.78,709.69,729.76,629.34,682.54,447.3,561.63,616.7,778.24,584.98,369.94,642.89,631.99,569.03,597.34,346.2,649.17,833.56,425.54,580.76,478.81,315.8,425.94,678.17,528.99,581.51,760.15,578.04,542.93,739.01,603.67,652.16,729.88,444.92,400.68,526.47,619,450.65,474.91,512.64,675.1,714.97,694.2,376.08,459.01,651.96,383.72,552.51,726.35,528.1,486.39,642.38,552.42,496.6,407.94,524.58,857.4,506.2,517.87
"12",857.55,926.6,978.25,765.55,669.35,763.2,807.65,771.2,588.15,781.1,911.55,540.1,919.05,768.75,714.75,561.85,873.15,578.25,821.5,747.95,847.4,687.35,834.75,866.7,899.15,742.5,812.45,695.9,732.75,723.45,924.95,928.45,652.85,630.95,502.55,691.65,723.65,965.6,689.65,920.35,947.8,778.55,747.6,946.95,807.35,584.2,630.75,850.65,731,645.35,807.85,836.3,678.05,866.6,719.3,820.05,717.45,874.35,894.45,695.45,847.25,608.1,697.25,781.4,942.95,722.45,534.65,758.35,796.65,733.75,737.95,510.9,715.25,955.8,566.15,725,619.35,493.85,590.65,797.8,674.8,746.25,882.35,718.65,685.25,903.75,768.35,816.85,894.55,605.5,543.5,691.15,759.55,615.35,639.65,675.25,839.85,879.65,858.9,540.75,612.7,816.65,548.45,653.15,891.05,636,626.95,787.65,717.15,661.35,577.25,665.15,982,646.75,671.4
"19",738.876363636364,842.832727272727,894.487272727273,646.854545454545,619.109090909091,678.143636363636,711.438181818182,676.392727272727,468.601818181818,662.421818181818,827.790909090909,422.354545454545,800.347272727273,650.054545454545,618.581818181818,442.34,754.512727272727,465.605454545455,727.927272727273,650.881818181818,728.721818181818,590.281818181818,716.1,779.610909090909,819.718181818182,673.356363636364,693.789090909091,576.345454545455,635.7,626.156363636364,824.003636363636,848.958181818182,538.534545454546,533.527272727273,384.490909090909,574.181818181818,606.147272727273,886.143636363636,592.632727272727,801.669090909091,868.325454545455,683.965454545454,650.194545454545,863.18,688.685454545454,486.796363636364,516.68,768.163636363636,657.056363636364,525.798181818182,736.281818181818,717.623636363636,581.083636363636,747.921818181818,622.236363636364,701.376363636364,598.805454545455,755.718181818182,775.794545454545,670.805454545455,728.585454545454,492.465454545455,601.84,662.721818181818,824.289090909091,626.3,415.765454545455,680.06,678.012727272727,615.078181818182,645.027272727273,392.832727272727,690.434545454546,872.038181818182,468.712727272727,627.963636363636,521.978181818182,362.427272727273,471.101818181818,716.127272727273,570.96,627.567272727273,798.612727272727,621.581818181818,587.036363636364,785.054545454545,649.705454545455,698.196363636364,775.918181818182,492.856363636364,443.536363636364,572.62,662.516363636364,495.807272727273,520.085454545455,556.003636363636,721.16,761.003636363636,740.241818181818,422.469090909091,505.512727272727,697.990909090909,430.365454545454,595.669090909091,772.385454545455,571.263636363636,529.752727272727,685.910909090909,598.469090909091,541.781818181818,456.098181818182,568.101818181818,902.529090909091,549.716363636364,558.187272727273
"20",852.741379310345,860.458620689655,828.996551724138,996.534482758621,1036.83103448276,983.893103448276,947.493103448276,980.844827586207,1128.66206896552,986.248275862069,868.486206896552,1157.83793103448,900.8,1005.66896551724,1001.64482758621,1129.3275862069,927.593103448276,1113.3724137931,929.98275862069,988.513793103448,945.627586206897,1025.13103448276,860.096551724138,899.844827586207,887.679310344828,1008.86206896552,973.637931034483,1060.74137931034,1006.00689655172,1007.40344827586,902.158620689655,886.893103448276,1065.94482758621,1056.62413793103,1193.51379310345,1050.70689655172,1036.43793103448,877.568965517241,1012.78275862069,835.203448275862,825.151724137931,954.51724137931,992.989655172414,844.455172413793,969.579310344828,1082.92413793103,1104.9275862069,909.096551724138,1002.03103448276,1077.25517241379,941.665517241379,861.558620689655,1021.79310344828,934.751724137931,1024.18275862069,878.258620689655,915.803448275862,932.120689655172,912.258620689655,1028.6,950.386206896552,1116.44137931034,1033.22413793103,871.118965517241,819.151724137931,1007.26551724138,1160.91034482759,987.451724137931,976.089655172414,1018.12413793103,990.4,1169.96206896552,1013.24827586207,852.972413793103,1108.85862068966,1021.21379310345,1067.85517241379,1183.58965517241,1112.14137931034,959.668965517241,1048,898.568965517241,889.41724137931,994.537931034483,1030.27586206897,829.351724137931,888.105172413793,966.358620689655,916.348275862069,1096.78275862069,1132.55517241379,1046.90344827586,973.393103448276,1098.18620689655,1099.81379310345,1059.74137931034,951.593103448276,840.855172413793,845.206896551724,1143.91724137931,1095.35517241379,951.796551724138,1154.45172413793,1043.8275862069,844.3,1045.35172413793,1074.80344827586,965.98275862069,1031.48965517241,1083.44482758621,1137.11724137931,1033.06206896552,874.21724137931,1046.78620689655,1063.75862068966
"41",1508.65,1389.15,1278.75,1457.65,1246.35,1245.6,1298.5,1349.85,1498.45,1437.1,1355.55,1463.75,1413.65,1426.55,1354.75,1516.25,1415.65,1421.05,1330.35,1291.55,1454.1,1286.35,1565.85,1354.25,1379.25,1402.75,1444.35,1412.85,1265.45,1313.75,1415.75,1403.65,1410.45,1334.4,1491.15,1445.05,1433.3,1427.5,1271.85,1440.55,1438.6,1339.35,1337.9,1409.45,1454.15,1374.55,1479.05,1341.45,1213.4,1478.9,1380.25,1531.75,1326.35,1385,1246.5,1559.05,1500.05,1461.45,1431.15,1216.95,1489.35,1491.5,1391.95,1517.25,1461.05,1381.35,1525.75,1399.95,1480.35,1463.25,1377.95,1560.55,1206.35,1418.35,1414.15,1425.85,1351.55,1551.1,1518.15,1376.4,1383.05,1499.85,1349.85,1299.55,1355.35,1492.15,1491.75,1469.95,1383.25,1443.7,1450.3,1482.05,1315.25,1489.65,1463.75,1483.95,1424.35,1520.25,1543.15,1523.85,1403.95,1521.15,1489.35,1274.15,1467.95,1317.2,1362.15,1270.05,1469.5,1453.85,1468.05,1306.55,1443.9,1327.5,1483.85
"42",1492.8,1373.25,1295.05,1441.85,1230.55,1229.75,1282.65,1333.95,1482.6,1421.25,1339.7,1493.4,1397.825,1410.75,1338.85,1586.9,1399.85,1405.15,1314.45,1275.7,1438.25,1270.475,1550,1338.35,1363.4,1386.85,1428.5,1397.05,1249.6,1297.95,1399.85,1387.8,1394.55,1318.55,1487.55,1429.25,1417.45,1411.65,1256.05,1424.7,1422.75,1323.5,1322.05,1393.6,1438.3,1358.7,1463.25,1325.6,1197.55,1463.05,1364.35,1515.95,1310.5,1369.15,1230.65,1543.25,1484.25,1445.65,1415.3,1201.05,1473.5,1475.65,1376.15,1501.45,1445.2,1365.525,1559.65,1384.15,1464.55,1447.4,1362.05,1535.9,1190.5,1402.45,1398.25,1410,1335.7,1502.2,1502.275,1360.55,1367.2,1483.975,1334.05,1283.7,1339.55,1476.25,1475.85,1454.05,1367.45,1427.85,1469.5,1466.15,1299.45,1473.75,1447.9,1468.15,1408.45,1504.45,1527.275,1565.8,1388.15,1505.3,1473.5,1258.3,1452.15,1301.35,1346.3,1254.2,1453.65,1438,1452.25,1290.7,1428.05,1311.65,1468.05
"49",1458.04090909091,1338.52272727272,1243.05,1407.08636363637,1195.79545454545,1195.00454545454,1247.89545454545,1299.23181818182,1447.84090909091,1386.49545454546,1304.96818181819,1423.65454545455,1363.08636363637,1375.99545454546,1304.13181818182,1487.32727272727,1365.08636363637,1370.43181818181,1279.71818181818,1240.94090909091,1403.49545454546,1235.73181818182,1515.26818181818,1303.62272727273,1328.64090909091,1352.12272727273,1393.75,1362.29545454545,1214.85,1263.18636363637,1365.13181818182,1353.04090909091,1359.83181818181,1283.81363636363,1441.96363636364,1394.49545454546,1382.70454545455,1376.91818181818,1221.29545454545,1389.94090909091,1387.99545454546,1288.76818181818,1287.30454545454,1350.30454545454,1403.55909090909,1323.96818181819,1428.49545454546,1290.84090909091,1162.81363636363,1428.30454545454,1329.63181818182,1481.19545454546,1275.74090909091,1334.41363636363,1195.89545454545,1508.48636363637,1449.48636363637,1410.89545454545,1380.56818181819,1166.33181818181,1438.76818181818,1440.91363636363,1341.39545454545,1466.69545454546,1410.46818181819,1330.76818181818,1486.8,1349.39545454545,1429.79545454545,1412.64090909091,1327.33181818181,1478.47272727273,1155.74090909091,1359.55454545454,1363.52272727272,1375.26818181818,1300.96818181819,1475.66363636364,1467.54090909091,1325.80454545454,1332.46818181819,1449.23181818182,1299.29545454545,1248.94090909091,1304.79545454545,1441.52272727272,1441.12272727273,1419.33181818181,1332.68636363637,1393.10454545455,1407.32727272727,1431.43181818181,1264.69545454546,1439.02272727272,1413.15909090909,1433.36818181818,1373.73181818182,1469.69545454546,1492.54090909091,1487.10909090909,1353.39545454545,1470.56818181819,1438.74090909091,1223.56818181819,1417.36818181818,1266.60454545455,1311.56818181819,1219.46818181819,1418.91818181818,1403.24090909091,1417.48636363637,1255.94090909091,1385.89545454545,1276.89545454545,1433.29545454545
"50",466.162,465.889333333333,517.534666666667,395.082,226.116,300.378666666667,347.286666666667,318.921333333333,291.192666666667,376.326666666667,450.838666666667,224.802666666667,433.301333333333,364.618666666667,298.386666666667,309.399333333333,413.176,233.46,360.385333333333,291.941333333333,416.154666666667,223.082666666667,502.142,405.925333333333,438.665333333333,339.641333333333,367.984,311.096,274.162666666667,271.062666666667,463.82,467.901333333333,276.413333333333,228.389333333333,221.453333333333,352.817333333333,344.373333333333,505.094666666667,235.872,462.145333333333,487.277333333333,325.529333333333,295.182666666667,486.225333333333,391.690666666667,206.44,286.288,389.942666666667,272.170666666667,344.200666666667,357.053333333333,472.991333333333,267.396,381.549333333333,244.036,487.422,401.711333333333,432.224,438.805333333333,245.246666666667,445.453333333333,280.896,310.892,448.776666666667,488.788,318.950666666667,284.642,343.218666666667,419.587333333333,385.395333333333,321.574666666667,260.258,256.617333333333,495.086666666667,196.609333333333,338.168,199.606666666667,233.735333333333,333.180666666667,345.545333333333,291.009333333333,421.774,421.668,265.206666666667,289.318666666667,483.386666666667,426.354,412.092,405.564,258.354666666667,204.276,378.178,306.413333333333,324.992666666667,306.073333333333,367.984666666667,377.458666666667,487.174,502.640666666667,288.706666666666,240.372,443.25,256.010666666667,214.984,462.944,200.350666666667,248.154666666667,319.934666666667,380.708666666667,320.168,251.364,249.105333333333,521.486666666667,244.168,365.334
"61",1786.92,1630.46,1582.42,1784.3,1574.54,1573.76,1626.66,1678,1826.62,1746.46,1629.12,1791.94,1691.92,1767.34,1682.9,1844.42,1693.36,1749.2,1651.62,1619.72,1731.76,1614.52,1796.02,1633.78,1658.82,1730.9,1727.22,1741.04,1593.62,1641.92,1694,1670.82,1738.6,1662.58,1819.32,1773.24,1761.46,1656.58,1600.04,1718.82,1683.96,1667.52,1666.06,1606.02,1737.02,1702.72,1807.24,1628.7,1541.58,1807.06,1677.9,1810.04,1654.52,1667.86,1574.66,1837.32,1831.26,1739.74,1709.42,1545.1,1767.62,1819.66,1720.14,1827.36,1706.42,1709.52,1853.92,1735.14,1776.26,1789.9,1706.1,1845.42,1534.52,1619.02,1742.3,1754.02,1679.72,1860.26,1846.3,1705.4,1711.22,1826.5,1629.46,1627.72,1683.54,1737.5,1818.36,1747.62,1662.96,1771.86,1778.46,1810.2,1643.44,1817.8,1791.92,1812.12,1707.2,1757.54,1773.32,1852.04,1732.14,1799.42,1817.52,1602.32,1746.22,1645.36,1690.32,1598.22,1797.68,1782.02,1796.22,1634.72,1653.02,1655.66,1812.04
"62",1795.5,1638.97142857143,1590.94285714286,1846.65714285714,1895.95714285714,1827.37142857143,1771.78571428571,1822.7,2048.3,1830.97142857143,1651.2,2092.87142857143,1700.54285714286,1860.58571428571,1854.47142857143,2049.35714285714,1741.41428571429,2024.98571428571,1745.08571428571,1834.4,1768.97142857143,1890.28571428571,1804.51428571429,1699.08571428571,1680.5,1865.48571428571,1811.7,1944.65714285714,1861.1,1863.25714285714,1702.6,1679.3,1952.58571428571,1938.38571428571,2140.95714285714,1929.35714285714,1907.57142857143,1665.08571428571,1871.47142857143,1727.4,1692.47142857143,1782.51428571429,1841.25714285714,1614.54285714286,1805.5,1978.5,2012.08571428571,1713.18571428571,1848.55714285714,1969.87142857143,1762.9,1818.65714285714,1885.2,1752.37142857143,1882.18571428571,1845.94285714286,1896.6,1748.35714285714,1718.01428571429,1876.14285714286,1776.2,2029.67142857143,1902.65714285714,1835.97142857143,1714.9,1863.04285714286,2097.54285714286,1832.78571428571,1815.44285714286,1879.6,1837.28571428571,2111.37142857143,1858.24285714286,1627.54285714286,2018.08571428571,1884.3,1955.5,2132.17142857143,2023.1,1790.38571428571,1925.2,1870.28571428571,1683.15714285714,1843.6,1898.15714285714,1745.98571428571,1850.48571428571,1800.58571428571,1724.27142857143,1999.67142857143,2054.27142857143,1923.54285714286,1811.34285714286,2001.8,2004.28571428571,1943.11428571429,1778.07142857143,1766.07142857143,1781.78571428571,2071.6,1997.48571428571,1808.01428571429,2087.68571428571,1911.5,1754.84285714286,1921.17142857143,1966.11428571429,1800.01428571429,1900,1979.3,2061.21428571429,1902.4,1661.51428571429,1923.37142857143,1949.25714285714
"63",1843.9,1687.5,1639.5,1846.6,1608.7,1607.9,1660.8,1712.1,1860.8,1803.5,1686.2,1826.1,1749,1788.9,1717.1,1878.6,1750.4,1783.3,1712.5,1653.8,1788.8,1648.7,1853.1,1690.8,1715.8,1765,1784.3,1775.2,1627.8,1676.1,1751,1727.8,1772.7,1696.7,1853.5,1807.4,1795.6,1713.6,1634.2,1775.8,1741,1701.7,1700.2,1663.1,1794.1,1736.9,1841.4,1685.7,1575.7,1841.2,1734.9,1867.1,1688.7,1724.9,1608.8,1894.4,1862.4,1796.8,1766.5,1579.2,1824.7,1853.8,1754.3,1884.4,1763.5,1743.7,1888.1,1762.3,1833.3,1852.2,1740.2,1927.4,1568.7,1676.1,1776.4,1788.2,1713.9,1893.7,1880.4,1762.4,1745.4,1888.7,1686.5,1661.8,1717.7,1794.5,1880.6,1804.6,1720,1806,1812.6,1844.3,1677.6,1851.9,1826.1,1846.3,1764.2,1814.6,1830.3,1886.2,1766.3,1856.5,1851.7,1636.5,1803.3,1679.5,1724.5,1632.4,1831.8,1816.2,1830.4,1668.8,1710.1,1689.8,1846.2
"64",1910.20833333334,1753.66666666666,1705.64166666667,1958.725,1871.70833333333,1871.94166666667,1872.51666666667,1924.73333333333,2121.375,1940.75,1765.93333333333,2089.11666666667,1815.24166666666,1970.38333333334,1948.4,2135.125,1856.125,2046.34166666667,1854.44583333333,1908.55,1883.65833333334,1911.65,1919.225,1810.47083333333,1795.20833333334,1969.20416666667,1921.50833333334,2025.71666666667,1890.76666666667,1932.51666666667,1817.29166666666,1793.99166666666,2026.71666666667,1959.73333333333,2116.46666666667,2027.31666666667,2008.03333333334,1779.77916666667,1897.20833333333,1842.09166666666,1807.15833333334,1890.43333333333,1933.69166666667,1729.24166666666,1916.65,1999.875,2091.96666666667,1822.98333333333,1838.73333333333,2066.16666666667,1872.65,1933.35,1948.10833333333,1862.15,1871.81666666667,1960.63333333334,2008.53333333334,1863.04166666666,1832.725,1842.24166666667,1890.93333333333,2107.6,1992.03333333334,1950.65833333334,1829.625,1961.66666666666,2154.85,1942.1,1930.14166666667,1989.40833333334,1941.58333333334,2150.86666666667,1831.65833333333,1742.24166666666,2039.43333333333,1988.775,1976.875,2157.40833333333,2115.90833333334,1900.13333333334,1999.34166666667,1984.99166666666,1795.50833333334,1916.45,1971.975,1860.68333333333,1965.17916666667,1915.29166666666,1835.99166666666,2063.6,2075.625,2031.58333333334,1906.35833333333,2092.80833333334,2081.23333333333,2047.46666666666,1888.975,1880.75,1896.49166666666,2145.54166666667,2029.3,1922.725,2119.81666666667,1899.475,1869.53333333334,1942.51666666667,1987.475,1881.35833333333,2008.95833333334,2062.94166666667,2097.26666666667,1931.84166666667,1776.225,1952.81666666667,2052.55
"65",1934.15,1777.7,1729.7,1936.8,1729.7,1728.9,1781.8,1833.1,1981.75,1893.7,1776.4,1947.1,1839.2,1923.35,1838.05,1999.6,1840.6,1904.35,1802.7,1774.85,1879,1769.65,1943.3,1781,1806.05,1886,1874.45,1896.2,1748.75,1797.1,1841.25,1818.05,1893.7,1817.7,1974.45,1928.4,1916.6,1803.8,1755.2,1866.05,1831.2,1822.65,1821.2,1753.3,1884.25,1857.85,1962.4,1775.95,1696.7,1962.2,1825.15,1957.3,1809.65,1815.1,1729.8,1984.6,1984.9,1887,1856.65,1700.2,1914.9,1974.8,1875.3,1974.6,1853.65,1864.7,2009.1,1889.7,1923.5,1942.35,1861.2,2000.55,1689.65,1766.3,1897.45,1909.15,1834.85,2015.4,2001.45,1852.6,1866.35,1978.95,1776.7,1782.85,1838.7,1884.7,1970.8,1894.85,1810.2,1927,1933.6,1965.35,1798.6,1972.95,1947.05,1967.3,1854.45,1904.8,1920.55,2007.2,1887.3,1946.65,1972.65,1757.5,1893.5,1800.5,1845.5,1753.4,1952.8,1937.15,1951.4,1789.85,1800.3,1810.8,1967.2
"69",1872.5064516129,1717.6,1670.47258064516,1908.40967741935,1865.99516129032,1826.00967741936,1808,1858.8935483871,2060.14193548387,1883.72258064516,1725.74838709677,2069.21290322581,1777.51935483871,1912.07419354839,1882.0870967742,2065.29838709678,1808.25161290323,2013.5064516129,1795.53548387097,1849.04193548387,1838.58064516129,1878.81290322581,1883.51935483871,1762.36774193548,1754.08387096774,1905.06935483871,1865.35161290323,1963.91774193549,1853.4935483871,1875.09516129032,1779.59677419355,1757.11612903226,1967.51290322581,1926.88548387096,2109.80322580645,1962.61451612904,1944.38064516129,1744.11935483871,1862.05806451613,1804.39677419355,1770.95483870968,1827.47419354839,1867.58870967742,1694.6064516129,1864.64516129032,1967.03548387097,2030.84838709678,1766.68709677419,1824.76451612903,2000.76774193548,1815.88064516129,1895.63548387097,1894.2,1805.97419354839,1858.11612903226,1922.92258064516,1957.05161290323,1825.32580645161,1795.01612903226,1842.93548387097,1853.21612903226,2046.03064516129,1929.63225806452,1911.91612903226,1793.42580645161,1896.5935483871,2100.0435483871,1882.44838709677,1883.96612903226,1931.66451612903,1877.84516129032,2104.4935483871,1827.39193548387,1707.47096774194,2006.60322580645,1925.16129032258,1944.03548387097,2122.52580645161,2049.05161290322,1842.36774193548,1940.13870967742,1937.82258064516,1748.45483870968,1857.72580645161,1912.8064516129,1824.50322580645,1921.02741935484,1866.15161290322,1787.6129032258,2008.79032258064,2042.76774193548,1969.29032258064,1840.26451612903,2025.1935483871,2019.72903225806,1983.76129032258,1836.51935483871,1844.81290322581,1860.8,2084.24838709678,1990.83225806451,1885.01612903226,2078.85161290323,1886.68548387097,1831.81935483871,1909.66774193549,1954.63870967742,1820.06129032258,1948.96451612903,2001.23870967742,2054.76129032258,1894.68064516129,1741.19677419355,1915.62580645161,1988.08064516129
"81",776.395833333333,627.883333333333,581.608333333333,786.116666666667,775.425,703.979166666667,678.745833333334,727.445833333333,960.379166666666,743.016666666667,622.754166666666,974.725,681.445833333333,772.645833333333,761.425,961.416666666667,688.625,931.945833333333,652.0375,741.354166666667,726.841666666667,797.245833333334,799.229166666667,630.345833333334,651.8375,777.5375,723.7625,856.716666666667,768.0625,770.216666666667,683.4875,656.654166666666,864.645833333333,845.345833333334,1016.8625,841.416666666667,819.625,656.041666666667,778.425,708.2875,684.875,689.479166666667,748.216666666667,609.433333333333,733.5625,885.4625,924.145833333333,625.245833333334,714.508333333333,881.933333333333,674.445833333333,799.583333333333,792.145833333333,664.433333333333,756.125,826.858333333333,834.2,729.258333333333,698.929166666667,750.645833333333,757.1125,941.733333333333,814.716666666667,816.883333333333,707.304166666667,774.608333333333,1009.61666666667,739.045833333333,771.658333333333,791.645833333333,748.845833333334,1023.43333333333,736.145833333333,622.516666666667,925.045833333333,796.379166666666,862.4625,1044.225,935.145833333333,701.945833333333,837.2625,826.145833333333,625.183333333333,750.545833333333,809.716666666667,738.3875,817.070833333333,743.245833333334,659.533333333333,911.733333333333,961.233333333333,835.608333333333,718.304166666667,913.854166666667,916.345833333334,855.2,703.745833333334,761.158333333333,776.495833333334,983.645833333333,905.008333333333,788.929166666667,999.745833333334,825.808333333333,735.754166666666,828.125,873.095833333334,706.979166666667,812.045833333333,891.345833333334,973.304166666667,809.345833333334,655.995833333334,830.316666666667,861.316666666667
"89",853.069230769231,712.688461538462,690.176923076923,864.644230769231,823.996153846154,748.973076923077,755.938461538462,805.012499999999,1041.30961538461,823.657692307692,697.840384615385,1025.06538461538,758.111538461539,853.278846153846,838.902884615384,1042.05384615384,767.463461538462,981.321153846154,729.568269230769,782.903846153846,804.491346153847,846.632692307692,893.401923076923,709.436538461538,728.859615384615,857.609615384615,804.423076923077,938.485576923077,804.963461538462,845.9625,760.161538461538,731.603846153846,944.908653846153,894.711538461538,1081.89038461538,922.053846153846,899.773076923077,745.173076923077,830.590384615385,784.95673076923,771.348076923077,766.972115384616,821.952884615385,707.498076923077,812.994230769231,934.857692307692,1006.20769230769,705.882692307692,764.005769230769,962.564423076924,754.568269230769,876.223076923077,856.822115384615,745.068269230769,804.490384615385,903.505769230769,912.882692307692,805.915384615385,775.594230769231,799.144230769231,833.794230769231,1022.87692307692,895.894230769231,893.525,793.807692307692,854.715384615385,1088.6,819.801923076923,849.330769230769,872.311538461538,828.953846153846,1098.00096153846,784.773076923077,720.280769230769,974.419230769231,876.544230769231,911.857692307692,1117.32596153846,1015.81538461539,782.057692307692,917.552884615385,904.366346153847,703.865384615385,825.781730769231,888.975961538461,824.865384615385,894.826923076923,822.356730769231,738.245192307692,989.083653846154,1010.60769230769,916.244230769231,794.518269230769,994.525,997.440384615385,935.846153846154,783.338461538462,849.932692307692,870.666346153846,1064.61634615384,959.923076923077,865.594230769231,1050.50384615385,864.117307692308,812.409615384615,877.503846153846,922.473076923077,748.915384615385,892.696153846154,973.732692307692,1044.93557692308,862.734615384615,751.964423076923,883.698076923077,941.959615384615
"91",1239.1,1358.03333333333,1392.8,1193.26666666667,1371.46666666667,1386.03333333333,1375.36666666667,1305.7,1187.8,1208.8,1348.8,1226.2,1308.2,1196.46666666667,1283.2,1161.5,1300.9,1261.6,1344.3,1336.3,1275.1,1322.7,1182.7,1336.6,1336.9,1220.83333333333,1240.2,1188.7,1349.8,1288.4,1348.6,1337.76666666667,1232.26666666667,1318.1,1227.56666666667,1148.8,1180.8,1351.53333333333,1313.2,1301.2,1322.43333333333,1317.3,1310.2,1378.4,1235.1,1296.6,1203.53333333333,1326.86666666667,1380.73333333333,1129.1,1305.8,1217.8,1261.4,1294.3,1345.9,1199,1145.2,1255.2,1275.3,1409.46666666667,1228.1,1185.13333333333,1213.3,1165.2,1292.8,1248.6,1168.6,1240.3,1194.96666666667,1161.5,1268.26666666667,1203.43333333333,1386.03333333333,1364.3,1299.6,1202.6,1339,1189.7,1178.6,1275.1,1204.9,1153.3,1356.8,1305.8,1231.8,1238.53333333333,1173.2,1244.6,1322.3,1226.2,1255.43333333333,1114.6,1343.7,1157.3,1159.76666666667,1104.7,1267.53333333333,1220.5,1206.83333333333,1187.7,1277.13333333333,1200.5,1199.6,1355.2,1272.6,1353.53333333333,1252.63333333333,1368.9,1144.86666666667,1166.86666666667,1216.7,1297.96666666667,1336.03333333333,1297.8,1094.1
"92",1196.86666666667,1315.86666666667,1356.46666666667,1151.06666666667,1329.26666666667,1343.86666666667,1333.16666666667,1263.46666666667,1145.56666666667,1166.66666666667,1306.56666666667,1160.93333333333,1265.96666666667,1154.26666666667,1240.96666666667,1119.3,1258.7,1196.23333333333,1302.06666666667,1294.06666666667,1232.93333333333,1280.46666666667,1146.36666666667,1294.36666666667,1294.7,1178.66666666667,1197.96666666667,1146.5,1307.56666666667,1246.26666666667,1312.3,1295.56666666667,1190.06666666667,1275.86666666667,1175.5,1106.63333333333,1138.56666666667,1315.23333333333,1271.03333333333,1258.96666666667,1286.13333333333,1275.06666666667,1268.06666666667,1336.16666666667,1192.86666666667,1254.36666666667,1161.36666666667,1284.66666666667,1338.56666666667,1086.96666666667,1263.56666666667,1175.66666666667,1219.16666666667,1252.16666666667,1303.76666666667,1156.76666666667,1102.96666666667,1213,1233.06666666667,1367.26666666667,1185.86666666667,1142.96666666667,1171.06666666667,1123.03333333333,1256.46666666667,1206.36666666667,1103.33333333333,1198.13333333333,1152.76666666667,1119.26666666667,1226.06666666667,1138.13333333333,1343.86666666667,1327.96666666667,1234.23333333333,1160.36666666667,1296.76666666667,1146.8,1136.36666666667,1232.96666666667,1162.66666666667,1111.06666666667,1314.66666666667,1263.56666666667,1189.63333333333,1202.23333333333,1130.96666666667,1202.36666666667,1280.13333333333,1184.06666666667,1190.13333333333,1072.36666666667,1301.46666666667,1115.06666666667,1117.56666666667,1062.5,1225.36666666667,1184.23333333333,1170.53333333333,1122.4,1234.96666666667,1158.26666666667,1134.23333333333,1313,1230.36666666667,1311.36666666667,1210.46666666667,1326.66666666667,1102.66666666667,1124.66666666667,1174.46666666667,1255.76666666667,1299.73333333333,1255.66666666667,1051.93333333333
"99",1255.8,1374.8,1417.05,1210,1388.2,1402.8,1392.1,1322.4,1204.5,1225.6,1365.5,1229.85,1324.9,1213.2,1299.9,1178.25,1317.7,1265.15,1361,1353,1291.9,1339.4,1206.95,1353.3,1353.7,1237.6,1256.9,1205.5,1366.5,1305.2,1352.2,1354.5,1249,1334.8,1244.05,1165.6,1197.5,1375.85,1330,1317.9,1346.75,1334,1327,1395.1,1251.8,1313.3,1220.3,1343.6,1397.5,1145.9,1322.5,1234.6,1278.1,1311.1,1362.7,1215.7,1161.9,1272,1292,1426.2,1244.8,1201.9,1230,1182,1317.1,1265.35,1172.2,1257.1,1211.7,1178.2,1285,1207.05,1402.8,1388.6,1303.15,1219.3,1355.7,1208.35,1195.3,1291.9,1221.6,1170,1373.6,1322.5,1248.6,1262.85,1189.9,1261.3,1339.1,1243,1259.05,1131.35,1360.4,1174,1176.5,1121.5,1284.3,1244.85,1231.15,1191.35,1293.9,1217.2,1203.15,1372,1289.3,1370.3,1269.4,1385.6,1161.6,1183.6,1233.4,1314.7,1360.35,1314.6,1110.9
"101",1041.175,1160.175,1211.825,995.375,1173.575,1188.175,1177.475,1107.775,971.7,1010.925,1150.925,983.15,1110.325,998.575,1085.275,945.4,1103.025,1018.5,1146.425,1138.375,1077.225,1124.775,972.225,1138.675,1139.025,1022.975,1042.275,990.825,1151.875,1090.525,1124.425,1139.875,1034.375,1120.175,993.45,950.925,982.875,1177.075,1115.325,1103.275,1184.575,1119.425,1112.35,1180.525,1037.225,1098.725,1005.675,1128.975,1182.875,931.275,1107.875,1019.925,1063.475,1096.425,1148.025,1001.075,947.325,1057.775,1077.425,1211.575,1030.225,987.275,1015.425,967.325,1080.025,1050.725,925.55,1042.425,997.075,963.575,1070.375,960.35,1188.175,1189.375,1056.5,1004.725,1141.125,971.4,980.675,1077.275,1006.975,955.375,1158.925,1107.875,1033.925,1045.075,975.325,1046.725,1124.425,1028.35,1012.35,916.725,1145.825,959.425,961.875,906.825,1069.675,1063.325,996.375,944.6,1063.05,1002.625,956.5,1157.325,1074.725,1155.675,1054.775,1171.025,946.975,968.975,1006.55,1100.075,1198.175,1099.925,896.225
"109",1062.3,1181.3,1233,1016.5,1194.7,1209.3,1198.6,1128.9,988.5,1032.1,1172.1,1000,1131.5,1019.7,1106.4,962.3,1124.2,1035.3,1167.6,1159.5,1098.4,1145.9,993.4,1159.8,1160.2,1044.1,1063.5,1012,1173,1111.7,1145.6,1161,1055.5,1141.3,1005.3,972.1,1004,1198.2,1136.5,1124.4,1180.4,1140.6,1133.5,1201.7,1058.4,1103.5,1026.8,1150.1,1204,952.4,1129,1041.1,1084.7,1117.6,1169.2,1022.3,968.5,1078.5,1098.6,1232.7,1051.4,1008.4,1036.6,988.5,1101.2,1071.9,942.4,1063.6,1018.2,984.8,1091.5,977.2,1209.3,1210.5,1073.4,1025.9,1140.5,983.2,972.7,1098.4,1028.2,976.5,1180.1,1129,1055.1,1066.2,996.5,1067.9,1145.6,1049.5,1029.2,937.9,1167,980.6,983,928,1090.8,1084.5,1017.5,961.5,1078.2,1023.8,973.3,1178.5,1095.9,1176.8,1075.9,1192.2,968.1,990.1,1025.7,1121.2,1230.9,1121.1,917.4
"111",967.1,1086.1,1137.7,921.3,1099.5,1114.1,1103.4,1033.7,893.3,936.8,1076.8,904.8,1036.2,924.5,1011.2,867,1028.9,940.1,1072.3,1064.3,1003.2,1050.7,898.1,1064.6,1064.9,948.9,968.2,916.7,1077.8,1016.5,1050.3,1065.8,960.3,1046.1,882.5,876.8,908.8,1103,1041.3,1029.2,1085.2,1045.3,1038.3,1106.4,963.1,1008.3,931.6,1054.9,1108.8,857.2,1033.8,945.8,989.4,1022.3,1073.9,927,873.2,983.2,1003.3,1137.5,956.1,913.2,941.3,893.3,1005.9,976.6,847.1,968.3,923,889.5,996.3,882,1114.1,1115.3,978.1,930.6,1045.3,860.5,877.4,1003.2,932.9,881.3,1084.8,1033.8,959.8,971,901.2,972.6,1050.3,954.3,934,842.6,1071.7,885.3,887.8,832.7,995.6,989.2,922.3,866.2,983,928.5,878.1,1083.2,1000.6,1081.6,980.7,1096.9,872.9,894.9,930.4,1026,1135.7,1025.8,822.2
"121",1115.83333333333,1231.61666666667,1283.28333333333,1023.83333333333,1010.8,1070.3,1102.8,1136.23333333333,842.933333333333,1039.38333333333,1216.56666666667,854.383333333333,1177.31666666667,1027.03333333333,1055.41666666667,816.683333333333,1131.48333333333,889.733333333333,1174.88333333333,1043.05,1105.68333333333,982.45,1093.06666666667,1167.13333333333,1197.58333333333,1051.41666666667,1070.73333333333,950.683333333333,1027.85,1018.6,1200.98333333333,1226.83333333333,943.283333333333,926.05,774.766666666667,968.983333333333,1000.93333333333,1264.01666666667,984.8,1178.63333333333,1246.18333333333,1093.36666666667,1042.71666666667,1251.95,1065.63333333333,879.333333333333,891.033333333333,1157.41666666667,1049.23333333333,900.133333333333,1136.33333333333,1094.58333333333,973.183333333333,1124.88333333333,1014.4,1078.33333333333,975.783333333333,1132.68333333333,1152.78333333333,1065.05,1105.55,866.816666666667,987.133333333333,1039.68333333333,1201.23333333333,1030.78333333333,796.783333333333,1070.88333333333,1054.98333333333,992.033333333333,1098.83333333333,783.133333333333,1084.85,1260.81666666667,861.25,1022.76666666667,914.5,752.7,845.433333333333,1105.7,978.733333333333,1004.53333333333,1187.38333333333,1013.75,1005.68333333333,1162.01666666667,1026.68333333333,1075.16666666667,1152.88333333333,917,883.6,945.183333333333,1054.68333333333,870.133333333333,894.416666666667,925.483333333333,1098.13333333333,1137.98333333333,1117.21666666667,815.883333333333,932.616666666667,1074.96666666667,827.733333333333,988.183333333333,1149.35,963.783333333333,922.066666666667,1078.06666666667,975.433333333333,916.116666666667,880.033333333333,960.266666666667,1280.41666666667,941.883333333333,916.383333333333
"122",1347.01428571429,1462.77142857143,1514.42857142857,1255,1250.74285714286,1310.27142857143,1342.74285714286,1367.41428571429,1074.11428571429,1270.54285714286,1447.72857142857,1085.54285714286,1408.48571428571,1258.2,1286.6,1047.82857142857,1362.62857142857,1120.91428571429,1406.02857142857,1283,1336.84285714286,1222.4,1324.22857142857,1398.3,1428.72857142857,1282.58571428571,1301.92857142857,1181.84285714286,1267.81428571429,1258.52857142857,1432.12857142857,1458,1174.42857142857,1166,1014.71428571429,1200.12857142857,1232.11428571429,1495.17142857143,1224.74285714286,1409.8,1477.34285714286,1313.62857142857,1282.67142857143,1483.12857142857,1296.81428571429,1119.27142857143,1122.2,1388.6,1289.17142857143,1131.3,1367.5,1325.74285714286,1213.12857142857,1356.04285714286,1254.34285714286,1309.51428571429,1206.92857142857,1363.82857142857,1383.92857142857,1305,1336.71428571429,1097.98571428571,1218.31428571429,1270.84285714286,1432.42857142857,1261.92857142857,1027.92857142857,1302.02857142857,1286.12857142857,1223.2,1330,1023.07142857143,1324.8,1491.98571428571,1101.2,1253.92857142857,1154.44285714286,992.642857142857,1076.61428571429,1336.85714285714,1209.91428571429,1235.7,1418.54285714286,1253.7,1236.82857142857,1393.2,1257.82857142857,1306.32857142857,1384.02857142857,1148.17142857143,1114.77142857143,1176.32857142857,1294.62857142857,1101.31428571429,1125.6,1156.62857142857,1329.28571428571,1369.12857142857,1348.38571428571,1047.02857142857,1163.78571428571,1306.12857142857,1058.9,1228.12857142857,1380.52857142857,1203.72857142857,1162.02857142857,1318.02857142857,1206.6,1147.28571428571,1111.2,1200.21428571429,1511.57142857143,1181.82857142857,1147.54285714286
"123",1189.45714285714,1305.2,1356.88571428571,1097.41428571429,1093.18571428571,1152.68571428571,1185.18571428571,1209.85714285714,916.542857142857,1112.98571428571,1290.17142857143,927.985714285714,1250.9,1100.6,1129.01428571429,890.285714285714,1205.08571428571,963.342857142857,1248.48571428571,1125.42857142857,1179.28571428571,1064.82857142857,1166.67142857143,1240.71428571429,1271.18571428571,1125,1144.37142857143,1024.28571428571,1110.27142857143,1100.98571428571,1274.58571428571,1300.41428571429,1016.88571428571,1008.42857142857,857.171428571429,1042.58571428571,1074.55714285714,1337.6,1067.18571428571,1252.21428571429,1319.78571428571,1156.07142857143,1125.08571428571,1325.57142857143,1139.27142857143,961.7,964.6,1231.01428571429,1131.6,973.757142857143,1209.92857142857,1168.18571428571,1055.58571428571,1198.48571428571,1096.78571428571,1151.95714285714,1049.38571428571,1206.28571428571,1226.38571428571,1147.41428571429,1179.17142857143,940.4,1060.77142857143,1113.28571428571,1274.87142857143,1104.38571428571,870.385714285714,1144.48571428571,1128.58571428571,1065.64285714286,1172.41428571429,865.5,1167.25714285714,1334.4,943.6,1096.38571428571,996.885714285714,835.085714285714,919.042857142857,1179.3,1052.35714285714,1078.11428571429,1260.98571428571,1096.11428571429,1079.28571428571,1235.6,1100.28571428571,1148.78571428571,1226.48571428571,990.585714285714,957.2,1018.78571428571,1137.08571428571,943.771428571428,968.014285714286,999.085714285714,1171.7,1211.58571428571,1190.8,889.485714285714,1006.21428571429,1148.57142857143,901.342857142857,1070.58571428571,1222.97142857143,1046.18571428571,1004.48571428571,1160.48571428571,1049.02857142857,989.714285714286,953.657142857143,1042.67142857143,1354,1024.28571428571,989.985714285714
"124",1213,1328.775,1380.4,1121,1087.375,1146.875,1179.375,1181.8,940.1,1136.55,1313.7,897.2,1274.5,1124.2,1095.625,913.825,1228.6,968.925,1248.275,1119.625,1202.85,1059.025,1190.2,1264.3,1294.725,1148.575,1167.9,1047.85,1104.425,1095.15,1298.1,1324,1040.425,1002.625,851.325,1066.1,1098.1,1361.15,1061.375,1275.8,1343.35,1150.225,1119.275,1349.1,1162.8,955.9,988.2,1254.6,1125.775,997.3,1233.5,1191.725,1049.75,1222.05,1090.975,1175.5,1072.9,1229.825,1249.9,1141.625,1202.7,964,1084.3,1136.85,1298.4,1127.9,893.925,1168,1152.1,1089.2,1170.375,859.675,1161.425,1358,937.825,1119.9,991.05,829.25,942.6,1202.85,1075.9,1101.7,1284.55,1090.325,1087.3,1259.2,1123.8,1172.3,1250,996.175,924.225,1042.3,1131.225,967.3,991.6,1022.625,1195.3,1235.1,1214.4,913,1011.825,1172.1,924.9,1064.75,1246.5,1040.325,998.625,1154.625,1072.6,1013.3,959.225,1036.825,1377.55,1018.425,1013.55
"129",1096.67325581395,1211.06860465116,1262.73372093023,1004.65465116279,984.143023255814,1045.90930232559,1079.23372093023,1075.58488372093,824.74534883721,1020.22558139535,1196.03372093023,803.713953488372,1158.14069767442,1007.85697674418,1003.0476744186,798.48488372093,1112.31511627907,846.401162790698,1119.90813953489,1019.48488372093,1086.51860465116,958.889534883721,1073.8988372093,1146.81511627907,1177.35465116279,1030.69186046512,1051.58023255814,932.49534883721,1004.29651162791,995.031395348838,1181.78488372093,1206.59418604651,912.433720930233,902.48488372093,750.947674418604,941.368604651163,973.326744186046,1243.77558139535,961.233720930232,1159.47093023256,1225.95813953489,1052.14302325582,1019.14418604651,1231.42209302326,1046.48488372093,855.756976744186,873.087209302326,1136.8011627907,1024.03604651163,881.940697674419,1114.71046511628,1075.41744186047,949.631395348837,1105.72558139535,990.841860465116,1059.17325581395,956.610465116279,1113.51279069767,1133.5988372093,1035.75930232558,1086.39186046512,848.905813953488,968.129069767442,1020.52325581396,1182.07790697674,1000.01976744186,775.508139534883,1049.9988372093,1035.81511627907,972.875581395348,1040.18023255814,759.296511627907,1055.57790697674,1240.27325581395,837.673255813954,995.15,890.937209302326,729.587209302326,827.24534883721,1085.02906976744,949.812790697674,985.368604651163,1166.85813953489,990.187209302326,966.81511627907,1142.85697674418,1007.50813953489,1056.0011627907,1133.71511627907,873.660465116279,831.553488372093,927.708139534883,1031.12674418605,851.95465116279,876.222093023256,910.145348837209,1078.95930232558,1118.80813953488,1098.04534883721,789.189534883721,888.896511627907,1055.80581395349,799.289534883721,961.847674418605,1130.18255813954,937.943023255814,898.510465116279,1054.83604651163,956.263953488372,897.926744186047,837.108139534884,936.701162790697,1260.16860465116,918.324418604651,907.590697674418
"131",782.158974358975,897.930769230769,949.573076923077,690.133333333333,734.653846153846,780.396153846154,850.298717948718,795.102564102564,509.261538461539,705.715384615384,882.873076923077,514.551282051282,843.623076923077,693.335897435898,715.482051282051,483.005128205128,797.801282051282,552.164102564102,836.83717948718,753.120512820513,772.015384615385,692.523076923077,759.373076923077,833.442307692308,863.903846153846,717.730769230769,737.064102564103,617.015384615385,737.939743589744,720.373076923077,867.291025641025,893.133333333333,608.726923076923,640.357692307692,482.261538461539,635.301282051282,667.261538461539,930.323076923077,694.891025641025,844.942307692308,912.515384615385,803.521794871795,741.61282051282,918.266666666666,731.971794871795,593.634615384615,557.335897435898,823.733333333333,759.303846153846,566.461538461539,802.65,760.910256410257,689.092307692307,791.215384615384,724.483333333333,744.658974358975,642.084615384616,799.002564102564,819.073076923077,777.938461538462,771.866666666667,533.123076923077,653.471794871795,706.015384615385,867.564102564103,696.255128205128,463.102564102564,737.203846153846,721.301282051282,658.35641025641,760.205128205128,490.610256410257,777.042307692308,927.123076923077,575.379487179487,689.073076923077,629.007692307692,460.202564102564,511.761538461539,772.017948717949,644.466666666666,670.852564102564,853.715384615384,723.823076923077,669.111538461539,828.335897435898,692.991025641026,741.476923076923,819.203846153846,579.420512820513,543.492307692308,611.491025641026,764.75641025641,536.471794871795,560.733333333333,591.801282051282,764.430769230769,804.291025641025,783.530769230769,481.911538461538,595.035897435897,741.275641025641,493.553846153846,708.89358974359,815.669230769231,678.280769230769,629.289743589743,788.148717948718,641.742307692307,582.430769230769,542.461538461539,670.344871794872,946.723076923077,651.962820512821,582.715384615384
"132",998.866666666667,1114.63333333333,1166.26666666667,906.85,936.483333333333,996,1088.95,1019.25,725.966666666667,922.383333333333,1099.56666666667,737.383333333333,1060.31666666667,910.05,938.45,699.666666666667,1014.46666666667,772.75,1057.86666666667,968.75,988.683333333333,908.15,976.066666666667,1050.15,1080.56666666667,934.433333333333,953.766666666667,833.683333333333,953.566666666667,945.266666666667,1083.96666666667,1109.85,826.266666666667,851.75,708.866666666667,851.966666666667,883.966666666667,1147.03333333333,910.483333333333,1061.65,1129.18333333333,1030.86666666667,965.483333333333,1134.96666666667,948.666666666667,805.016666666667,774.05,1040.45,974.933333333333,783.166666666667,1019.35,977.6,918.25,1007.88333333333,940.1,961.366666666667,858.766666666667,1015.66666666667,1035.76666666667,990.75,988.566666666667,749.833333333333,870.166666666667,922.683333333333,1084.26666666667,913.766666666667,679.766666666667,953.866666666667,937.966666666667,875.05,981.85,717.2,1010.55,1143.81666666667,786.95,905.766666666667,840.183333333333,686.783333333333,728.466666666667,988.7,861.75,887.55,1070.38333333333,939.45,888.666666666667,1045.05,909.666666666667,958.166666666667,1035.86666666667,800,766.6,828.166666666667,980.366666666667,753.166666666667,777.45,808.466666666667,981.15,1020.96666666667,1000.21666666667,698.866666666667,815.65,957.966666666667,710.75,913.866666666667,1032.36666666667,889.466666666667,855.35,1003.76666666667,858.45,799.15,763.05,885.966666666667,1163.4,867.566666666667,799.383333333333
"139",890.643421052632,1006.40833333334,1058.05745614035,798.617105263158,817.714912280702,869.162719298246,933.309649122807,888.28245614035,616.780701754386,814.187280701755,991.358333333334,612.902631578947,952.10745614035,801.818859649122,813.045614035088,590.515350877193,906.280701754386,652.105263157895,932.369736842106,841.897368421053,880.487280701755,781.292105263158,867.858333333334,941.933333333333,972.375438596491,826.207456140351,845.55350877193,724.526315789474,826.714473684211,814.643421052632,975.767105263158,1001.6197368421,710.036403508772,726.420614035088,575.93201754386,739.454824561403,771.418421052631,1038.80833333333,783.648684210526,953.433333333333,1020.98815789473,898.20701754386,837.016666666666,1026.75043859649,840.450877192982,679.695175438597,664.855263157895,932.217105263158,848.069736842105,673.98245614035,911.130263157894,869.389912280702,778.832456140351,899.686403508772,813.253070175439,853.143421052632,750.567105263158,907.477192982456,927.558333333333,865.07850877193,880.352631578947,640.644736842105,760.987280701755,814.487280701755,976.05350877193,797.749561403509,569.425438596491,845.678070175439,829.780701754386,766.842543859649,854.735526315789,584.279824561404,873.855701754386,1035.60657894737,662.561842105263,793.23245614035,715.094298245614,553.870175438597,619.280701754386,880.495614035088,747.079385964912,779.331578947369,962.186403508772,812.593421052632,770.11447368421,936.818859649122,801.469736842105,849.958333333333,927.678947368421,679.357894736842,641.761403508772,721.767105263158,853.529385964912,643.988157894737,668.25350877193,703.108771929825,872.917105263158,912.767982456141,892.005701754386,585.414035087719,694.976754385965,849.758333333333,596.434649122807,790.544736842105,924.152192982456,764.374122807018,722.585964912281,876.92149122807,750.232894736842,689.954385964912,642.404385964913,759.112280701755,1055.19956140351,740.730263157895,695.493421052631
"151",,,,,,,,,,,,,,,,,,,,,,,,,,,,,,,,,,,,,,,,,,,,,,,,,,,,,,,,,,,,,,,,,,,,,,,,,,,,,,,,,,,,,,,,,,,,,,,,,,,,,,,,,,,,,,,,,,,
"159",,,,,,,,,,,,,,,,,,,,,,,,,,,,,,,,,,,,,,,,,,,,,,,,,,,,,,,,,,,,,,,,,,,,,,,,,,,,,,,,,,,,,,,,,,,,,,,,,,,,,,,,,,,,,,,,,,,
"160",1430.04204545455,1279.98977272728,1231.95340909091,1487.66704545455,1549.17613636364,1468.39204545455,1412.80795454546,1463.72159090909,1689.33522727272,1471.97613636364,1292.23863636364,1733.87386363637,1341.54659090909,1501.60340909091,1495.47613636364,1690.36022727273,1382.43636363637,1666.00113636363,1386.09886363636,1475.43068181818,1409.97613636364,1531.30795454546,1441.44886363636,1340.09886363636,1321.51931818182,1506.49659090909,1452.72840909091,1585.66704545455,1502.13295454546,1504.26704545455,1343.61477272728,1320.32159090909,1593.60340909091,1579.39431818182,1788.32840909091,1570.36022727273,1548.57613636363,1306.09886363636,1512.47613636364,1368.41022727273,1336.23068181818,1423.53977272728,1482.26704545455,1255.54659090909,1446.53295454545,1619.53295454545,1653.10340909091,1354.20568181818,1496.06022727273,1610.89204545455,1403.91022727273,1452.87840909091,1526.22159090909,1393.37386363637,1529.87386363637,1479.74431818182,1537.63295454546,1389.36022727273,1359.03977272728,1536.60340909091,1417.23863636364,1670.69886363636,1543.66704545455,1476.97613636364,1355.16022727273,1504.04659090909,1738.56022727273,1473.80340909091,1456.45340909091,1520.61704545454,1478.30340909091,1752.38977272727,1513.18522727273,1268.54659090909,1659.10340909091,1525.33522727272,1596.53295454545,1773.17386363637,1664.11704545454,1431.40113636364,1566.22840909091,1511.30795454546,1324.17613636364,1484.61477272728,1539.16704545455,1383.4125,1491.49659090909,1441.60340909091,1365.28977272728,1640.68522727273,1695.28977272728,1564.54659090909,1452.35340909091,1642.82840909091,1645.30340909091,1584.14431818182,1419.07613636363,1403.1625,1418.71704545455,1712.61477272728,1638.50113636363,1449.03977272728,1728.70568181818,1559.86022727273,1395.85340909091,1562.18522727273,1607.13977272727,1441.03977272728,1541.0125,1620.32159090909,1702.24659090909,1543.41022727273,1302.18295454546,1564.37386363637,1590.27386363636
"171",328.6,477.661538461538,469.653846153846,318.353846153846,549.4,565.3,526.976923076923,455.669230769231,380.507692307693,358.815384615385,468.415384615385,424.561538461538,430.553846153846,346.453846153846,433.161538461538,379.415384615384,403.392307692308,434.530769230769,492.792307692308,514.2,378.407692307692,500.592307692307,259.853846153846,471.069230769231,456.515384615385,370.853846153846,390.184615384615,366.646153846154,527.7,466.353846153846,422.069230769231,440.361538461538,410.192307692308,496,456.207692307692,326.746153846154,358.7,428.415384615385,491.161538461538,391.523076923077,399.307692307692,467.307692307692,460.238461538462,498,370.169230769231,474.530769230769,381.492307692307,476.469230769231,558.692307692308,307.076923076923,455.753846153846,313.369230769231,439.3,444.315384615385,523.846153846154,287.046153846154,302.223076923077,372.992307692308,393.084615384615,587.392307692307,345.869230769231,363.084615384616,391.246153846154,275.746153846154,365.953846153846,398.607692307692,387.092307692308,390.307692307692,312.738461538462,313.146153846154,418.253846153846,420.261538461539,563.980769230769,441.153846153846,487.976923076923,380.530769230769,516.923076923077,441.046153846154,356.515384615385,425.138461538462,382.823076923077,270.8,486.138461538462,483.7,409.746153846154,323.438461538462,291,341.292307692308,446.861538461538,404.173076923077,449.342307692308,292.546153846154,493.707692307692,335.223076923077,337.692307692308,282.646153846154,415.138461538462,304.753846153846,283.984615384615,399.446153846154,455.092307692307,318.292307692308,410.307692307692,533.146153846154,347.961538461538,531.484615384615,430.592307692307,529.392307692308,322.792307692308,344.792307692308,394.646153846154,475.9,412.876923076923,475.761538461539,272.061538461538
"172",218.011111111111,334.711111111111,386.366666666667,141.133333333333,319.9,334.477777777778,327.5,257.811111111111,141.555555555556,160.933333333333,321.6,195.722222222222,281.877777777778,148.577777777778,226.844444444444,139.433333333333,248.733333333333,206.644444444444,296.433333333333,284.722222222222,216.922222222222,271.111111111111,194.366666666667,288.7,304.977777777778,172.977777777778,192.311111111111,137.144444444444,298.211111111111,236.855555555556,302.366666666667,324.744444444444,180.688888888889,266.522222222222,234.366666666667,97.2444444444445,129.222222222222,361.944444444444,261.655555555556,280.433333333333,344.111111111111,269.422222222222,253.877777777778,355.044444444444,187.211111111111,245.022222222222,154.655555555556,278.977777777778,329.177777777778,79.3888888888889,257.9,196.744444444444,209.822222222222,246.433333333333,294.344444444444,179.644444444444,98.2555555555555,234.466666666667,254.555555555556,357.888888888889,207.344444444444,136.255555555556,161.733333333333,142.477777777778,301.977777777778,198,177.055555555556,192.433333333333,162.811111111111,113.933333333333,220.377777777778,198.411111111111,334.477777777778,363.9,258.644444444444,151.044444444444,287.422222222222,219.2,111.783333333334,227.255555555556,153.322222222222,111.633333333333,308.944444444444,254.222222222222,180.244444444444,264.177777777778,134,184.655555555556,271.533333333333,177.322222222222,220.655555555556,69.7333333333333,289.7,108.388888888889,110.855555555556,55.0333333333333,219.677777777778,240.133333333333,218.5,161.033333333333,225.588888888889,177.744444444444,181.344444444444,303.644444444444,251.511111111111,301.977777777778,201.088888888889,312.555555555556,99.9111111111111,117.111111111111,167.811111111111,246.4,378.322222222222,246.244444444444,49.7777777777778
"179",258.47625,389.13125,424.69,215.48375,420.1,427.51625,410.44625,342.085,235.5225,245.15375,378.6275,277.99375,339.149375,232.9325,313.6,224.263125,307.42125,297.96625,379.30125,382.86625,281.64625,370.52625,215.62125,360.33875,363.818125,257.31875,276.59875,244.74625,397.42125,334.77625,348.226875,368.99625,280.565,363.2675,310.974375,208.453125,229.53,384.73125,362.49375,320.535,365.19875,354.12375,340.66,409.47375,260.9575,339.8025,251.6175,361.43625,430.3575,190.3725,342.41,237.83875,315.0925,330.17125,394.93125,217.01,187.3625,286.723125,307.5975,459.52125,260.455,232.0425,265.26375,193.975,322.815,282.460625,246.920625,276.786875,221.225,200.59,304.73,275.0225,436.095,398.6625,341.5325,252.07625,377.25125,295.810625,213.75875,311.53875,263.48625,181.08375,377.79625,352.1775,287.651875,286.32875,197.113125,247.49375,340.31,273.58,304.815,177.344375,375.1775,206.60625,214.30375,169.35375,295.70625,264.695625,239.6175,246.53375,317.56875,231.8925,261.738125,403.071875,289.66875,398.585,305.28,402.81,200.75875,223.465625,258.276875,347.21625,393.02,343.45,161.561875
"181",390.84,527.58,541.58,351.32,581.12,595.7,558.34,488.64,407.04,391.82,518.34,441.18,460.02,379.42,466.14,376.48,437.42,467.98,527.32,545.92,412.42,532.32,310.5,521,506.48,403.82,423.14,398.4,559.42,498.1,477.06,494.32,441.9,527.7,454.3,358.5,390.42,505.68,522.9,449.8,476.58,500.32,493.22,547.92,404.14,506.24,413.2,509.82,590.4,338.8,488.74,369.62,471.02,477.32,555.6,350.74,336.46,407.02,427.06,619.1,379.86,394.8,422.98,317.02,419.7,431.62,383.58,423.32,346.74,347.42,451.22,418.38,595.7,514.28,514.54,412.26,548.62,439.18,388.22,458.12,414.54,305.02,536.08,515.42,441.5,373.16,325.02,375.32,471.42,435.9,470.38,324.3,526.72,366.92,369.4,314.4,450.52,353.8,334.66,402.68,486.8,352.32,414.5,564.9,404.8,563.2,462.3,551.86,354.52,376.5,426.4,507.62,490.18,507.5,303.8
"182",414.177777777778,537,588.65,363.627777777778,545.586111111111,560.169444444444,549.869444444444,480.180555555556,356.402777777778,383.330555555556,528.138888888889,394.841666666667,483.638888888889,370.941666666667,457.202777777778,330.130555555556,467.711111111111,430.191666666667,518.813888888889,510.391666666667,436.555555555556,496.791666666667,346.555555555556,510.322222222222,519.333333333333,395.338888888889,414.686111111111,362.858333333333,523.891666666667,462.563888888889,497.411111111111,512.855555555555,406.386111111111,492.208333333333,408.008333333333,322.958333333333,354.925,550.05,487.363888888889,476.272222222222,532.227777777778,491.797222222222,484.280555555556,557.35,409.586111111111,470.030555555556,377.680555555556,501.347222222222,554.877777777778,303.269444444444,480.252777777778,392.922222222222,435.519444444444,468.830555555556,520.058333333333,374.083333333333,319.713888888889,430.316666666667,450.4,583.580555555556,403.194444444444,359.272222222222,387.436111111111,340.327777777778,454.35,423.108333333333,337.230555555556,414.819444444444,369.255555555556,335.975,442.747222222222,372.047222222222,560.169444444444,566.2,468.208333333333,376.730555555556,511.808333333333,390.986111111111,345.036111111111,449.630555555556,379.030555555556,328.5,530.3,479.891666666667,405.958333333333,419.405555555556,348.816666666667,405.116666666667,495.094444444444,400.369444444444,424.047222222222,289.108333333333,518.208333333333,331.430555555556,333.886111111111,279.219444444444,442.041666666667,436.311111111111,370.7,356.336111111111,449.919444444444,375.605555555556,368.191666666667,529.358333333333,447.694444444444,527.669444444444,426.786111111111,542.941666666667,319.369444444444,340.986111111111,387.041666666667,472.102777777778,566.45,471.969444444444,268.380555555556
"183",501.9,628.275,653.1375,467.1875,658.7,673.275,662.6,592.9,475.0125,496.075,619.0125,513.475,571.0375,483.7,570.4,448.7625,566.7625,548.8125,631.55,623.5,523.4625,609.9,416.1,623.8,607.15,508.1,527.425,475.975,637,575.675,592.775,610.15,519.5,605.3,526.625,436.0625,468.0125,617.525,600.475,565.3875,588.4375,604.5375,597.475,648.6,522.325,583.825,490.8,614.1,667.9875,416.375,593,480.6625,548.6,581.575,633.175,461.775,432.45,518.0625,538.125,696.7,490.9,472.3875,500.5375,428.0625,530.4625,535.85,455.875,527.5625,457.775,448.7,555.5,490.675,673.275,626.8,586.8375,489.8375,626.2125,511.475,465.8125,562.375,492.125,416.075,644.075,593,519.0625,483.45,436.05,486.3,609.5625,513.475,542.675,401.85,630.9375,444.525,447,391.975,554.8,464.1625,440.25,474.975,564.4,463.3,486.8125,642.4625,526.5375,640.775,539.9,656.125,432.1,454.1,503.9375,585.2,602.025,585.075,381.375
"189",418.194262295082,542.698360655738,588.84262295082,359.58606557377,548.215573770492,562.786065573771,551.572950819672,481.884426229508,345.533606557377,385.038524590164,530.885245901639,382.758196721311,488.077049180328,372.663114754098,455.246721311475,318.956557377049,460.17131147541,417.374590163934,520.520491803279,513.012295081967,431.295081967213,499.415573770492,365.598360655738,509.741803278689,518.468852459016,397.056557377049,416.39262295082,365.469672131148,526.51393442623,465.181147540984,507.585245901639,526.604918032787,409.005737704918,494.812295081967,396.005737704918,325.57131147541,357.523770491803,557.824590163934,489.982786885246,483.829508196721,541.673770491803,493.506557377049,482.317213114754,563.039344262295,407.404098360656,466.682786885246,379.47131147541,503.063114754098,557.494262295082,305.886065573771,481.972950819672,396.95,438.125409836066,470.538524590164,522.682786885246,378.320491803279,323.051639344262,438.324590163934,458.403278688525,586.205737704918,411.183606557377,360.966393442623,390.047540983606,347.147540983607,479.273770491803,424.235245901639,325.146721311475,416.527049180328,371.104918032787,338.258196721311,444.463114754098,359.963114754098,562.786065573771,565.596721311475,456.129508196721,379.352459016393,507.376229508197,379.125409836066,324.012295081967,451.343442622951,381.635245901639,325.62131147541,528.645081967213,482.512295081967,408.569672131148,436.738524590164,346.545901639344,397.954098360656,488.458196721311,402.154918032787,411.963114754098,294.915573770492,517.077868852459,334.033606557377,336.505737704918,281.784426229508,443.763114754098,427.895901639344,389.744262295082,344.246721311475,445.148360655738,382.419672131148,356.102459016393,531.969672131148,449.031967213115,530.28606557377,429.405737704918,540.97868852459,325.164754098361,343.605737704918,376.966393442623,474.717213114754,571.288524590164,474.581147540984,271.640163934426
"190",209.685858585859,240.580808080808,218.159595959596,300.431313131313,460.821212121212,389.141414141414,333.819191919192,344.367676767677,477.732828282829,295.937373737374,241.481818181818,522.25808080808,245.120202020202,322.867676767676,372.743434343434,478.75,258.706565656565,501.720707070707,300.720202020202,390.985858585859,264.493939393939,426.458585858586,208.054040404041,260.078787878788,244.465656565657,331.889898989899,319.473737373737,400.788383838383,416.928282828283,388.265656565657,216.448484848485,225.793939393939,418.936868686869,460.712121212121,576.724747474748,379.834848484849,362.19393939394,206.644444444444,413.069696969697,207.239393939394,192.324242424242,337.250505050505,373.040404040404,252.894949494949,291.949494949495,480.20303030303,467.392424242425,275.205050505051,416.538383838384,399.065151515152,313.616161616162,220.210101010101,396.152525252525,292.378787878788,436.249494949495,233.976262626262,321.363131313131,243.677777777778,233.106060606061,456.349494949495,239.80404040404,459.075252525252,369.060606060606,254.237878787879,183.557575757576,352.885858585859,526.65707070707,337.550505050505,266.651515151515,329.320202020202,350.69898989899,540.768181818182,432.927272727273,201.572727272727,510.545454545455,350.746464646465,477.858585858586,561.558080808081,452.513636363636,314.176767676768,391.568686868687,294.889898989899,264.382828282828,388.266666666667,386.942424242424,185.175757575758,278.917676767676,265.631313131313,268.949494949495,458.54191919192,532.789393939393,351.785858585858,365.225252525253,431.224242424243,433.69191919192,372.45707070707,281.940909090909,191.240404040404,195.30101010101,501.00606060606,463.834848484849,253.305050505051,517.090404040405,456.894949494949,208.627272727273,457.320202020202,441.489393939394,361.823232323232,349.103535353536,429.382323232323,490.641919191919,425.739393939394,189.853535353535,436.9,378.599494949495
"201",200.255555555556,82.3222222222222,132.122222222222,215.855555555555,220.877777777778,140.088888888889,86.5555555555556,140.711111111111,390.133333333333,172.755555555556,66.7666666666667,392.5,105.288888888889,202.388888888889,173.944444444445,391.155555555556,116.644444444444,341.355555555555,67.1222222222222,147.2,153.433333333333,206.655555555556,257.488888888889,57.6333333333333,79.2444444444445,190.777777777777,153.511111111111,267.788888888889,173.822222222222,180.188888888889,107.344444444444,96.8444444444444,272.288888888889,254.738888888889,438.733333333333,271.155555555556,235.277777777778,120.722222222222,187.822222222222,132.144444444444,130.211111111111,102.8,157.622222222222,101.888888888889,161.711111111111,294.855555555555,342.655555555556,52.7888888888889,162.255555555556,311.666666666667,96.3666666666667,223.411111111111,202.311111111111,94.3888888888889,201.588888888889,250.711111111111,261.511111111111,153.111111111111,122.777777777778,201.322222222222,180.988888888889,363.433333333334,225.822222222222,240.711111111111,152.655555555556,189.377777777778,432.266666666667,162.488888888889,211.211111111111,221.388888888889,163.633333333333,443.6,183.977777777778,110.744444444444,334.455555555556,211.811111111111,271.855555555555,463.288888888889,364.9,123.855555555556,245.133333333333,250.988888888889,53.3888888888889,159.955555555556,219.322222222222,183.733333333333,240.272222222222,171.422222222222,84.2111111111111,319.366666666667,370.633333333333,265.344444444444,129.022222222222,343.611111111111,337.766666666667,284.955555555556,130.688888888889,211.911111111111,234.744444444444,413.388888888889,314.233333333333,212.777777777778,414.633333333333,234.611111111111,159.6,237.533333333334,282.477777777778,113.211111111111,241.788888888889,314.455555555556,389.344444444444,218.755555555556,137.111111111111,239.966666666667,291.066666666666
"202",380.016666666667,260.65,273.6,378.066666666667,253.283333333333,192.95,225.583333333333,279.85,518.166666666667,335,227.066666666667,451.283333333333,285.066666666667,364.616666666667,315.45,537.45,287.066666666667,408.516666666667,210.916666666667,220.6,325.5,273.816666666667,437.25,226.166666666667,250.75,342.516666666667,315.733333333333,397.583333333333,229.85,275.116666666667,287.116666666667,275.15,397.916666666667,321.916666666667,493.416666666667,425.583333333333,386.233333333333,299.05,259.383333333333,311.916666666667,310,247.35,249.15,280.95,325.533333333333,362.033333333333,467.85,212.816666666667,195.216666666667,465,251.616666666667,403.166666666667,313.816666666667,256.416666666667,233.966666666667,430.466666666667,426.166666666667,332.866666666667,302.533333333333,227.383333333333,360.75,503.433333333333,370.166666666667,420.5,332.416666666667,346.95,521,316.216666666667,393.066666666667,383.616666666667,326.016666666667,504.716666666667,212.883333333333,289.85,401.616666666667,365.25,339.033333333333,515.566666666667,515.883333333333,279.116666666667,370.533333333333,420.216666666667,221.416666666667,253.866666666667,342.866666666667,363.516666666667,412.116666666667,341.316666666667,254.666666666667,431.216666666667,437.816666666667,427.566666666667,236.883333333333,493.383333333333,477.25,443.566666666667,295.716666666667,391.666666666667,414.516666666667,542.166666666667,391.466666666667,392.533333333333,476.816666666667,280.866666666667,339.35,304.716666666667,349.65,187.616666666667,404.016666666667,445.75,455.566666666667,294.016666666667,315.45,314.983333333333,448.633333333333
"209",410.046111111111,280.059444444444,283.463333333333,424.035,367.152777777777,296.263888888888,291.508333333333,343.410555555556,580.719444444444,381.700555555556,260.247777777778,559.878333333334,315.075,408.416111111111,375.985,588.502777777778,325.021666666667,515.996111111111,273.877222222222,322.941666666666,361.782777777777,381.305,467.265,268.902222222222,288.220555555556,400.21,362.046111111111,471.787222222222,338.889444444445,370.738333333333,317.135,294.586111111112,474.297222222223,429.387222222222,603.016111111112,473.301666666667,444.538333333334,318.46,365.278333333334,341.938333333334,339.991666666667,309.418333333334,346.811666666666,286.541111111111,371.297222222223,469.529444444444,541.983888888888,262.440555555556,307.256111111112,513.077222222223,307.125,433.192777777777,397.661666666667,303.280555555555,348.113888888888,460.475,470.095,362.882777777778,332.567222222223,342.930555555556,390.766111111112,562.565555555555,434.285,450.311666666666,362.459444444445,398.328333333333,615.725,370.330555555556,413.305,429.601666666666,374.659444444444,621.309444444444,327.941666666666,306.856666666667,509.096111111111,421.017222222222,446.529444444444,641.419444444444,564.767222222222,333.090555555556,446.936111111111,460.193888888889,263.711666666666,348.448333333333,419.637222222222,393.526111111112,449.970555555556,379.845,296.085,516.935,545.275,472.302777777777,322.777222222222,542.676111111111,536.756111111112,490.069444444444,341.525,421.692777777777,444.535,605.368333333334,493.643888888888,422.566111111111,590.546111111111,398.587222222223,369.375,412.176111111111,457.135,289.339444444444,449.375,511.827222222223,566.993888888888,398.969444444445,335.166111111111,419.926111111111,495.568333333333
"211",532.775,653.45,705.075,472.35,641.35,655.8875,654.4625,584.775,409.1,487.9125,642.7375,420.225,600.925,475.5625,551.4375,382.8125,580.0125,455.575,623.3875,606.1375,554.2125,592.55,465.3125,615.675,646.0875,499.9375,519.275,458.5625,619.6375,558.2875,616.225,632.9875,502.1375,583.3,435.575,418.6625,450.65,670.175,583.0875,594.95,652.35,596.3875,578.5125,673.775,514.175,523.75,468.9,605.9625,650.6125,399.0125,584.875,511.5125,531.25,573.4125,615.7875,494.2125,424.2875,549,569.0625,679.3375,521.8625,449.775,483.15,458.625,577.4,527.1625,362.625,519.3875,486.5875,440.575,547.3625,397.45,655.8875,682.6375,493.5875,472.4625,560.725,413.525,373.25,554.2375,474.75,443.775,635.9125,575.6375,501.6625,538.1875,463.975,523.6875,601.4125,488.0125,449.45,393.6875,617.9125,427.15,429.6375,374.875,546.6625,554.8875,489.475,381.7,498.4625,493.8875,393.575,625.0625,566.275,623.3875,522.5375,637.15,423.9625,436.7375,445.8625,567.85,686.5625,567.6875,365.6375
"212",493.681818181818,610.327272727273,662.009090909091,402.563636363636,561.5,579.690909090909,584.690909090909,514.990909090909,316.181818181818,418.127272727273,595.309090909091,328.309090909091,556.036363636364,405.781818181818,480.490909090909,289.909090909091,510.218181818182,363.672727272727,553.609090909091,535.190909090909,484.427272727273,511.9,466.709090909091,545.890909090909,576.318181818182,430.136363636364,449.5,387.618181818182,544.290909090909,487.318181818182,579.709090909091,605.590909090909,420.1,484.381818181818,343.690909090909,347.718181818182,379.690909090909,642.736363636364,504.581818181818,557.390909090909,624.927272727273,526.609090909091,507.527272727273,630.709090909091,444.4,431.809090909091,370.345454545455,536.172727272727,571.527272727273,328.027272727273,515.090909090909,472.418181818182,460.290909090909,503.627272727273,536.718181818182,455.945454545455,354.509090909091,511.409090909091,531.509090909091,600.263636363636,484.290909090909,348.754545454545,412.209090909091,417.736363636364,580,455.809090909091,270.690909090909,449.618181818182,433.718181818182,370.790909090909,477.563636363636,305.509090909091,576.818181818182,639.536363636364,401.690909090909,401.509090909091,468.809090909091,321.6,295.527272727273,484.427272727273,403.8,383.290909090909,566.127272727273,504.690909090909,430.718181818182,536.018181818182,405.409090909091,453.909090909091,531.618181818182,392.309090909091,357.509090909091,323.909090909091,542.809090909091,341.472727272727,351.9,304.218181818182,476.872727272727,515.809090909091,490.827272727273,289.790909090909,406.572727272727,453.009090909091,301.672727272727,544.427272727273,527.190909090909,537.645454545455,438.690909090909,566.209090909091,354.190909090909,361.654545454545,353.972727272727,491.045454545455,659.127272727273,479.290909090909,295.127272727273
"219",538.139108910891,654.389108910891,706.047029702971,446.952475247524,585.565841584159,608.285148514851,626.173267326732,559.379702970297,325.85099009901,462.526237623763,639.402475247525,338.382178217822,599.972277227723,450.15594059406,518.179207920792,299.592574257426,554.620297029703,373.737128712871,598.009405940594,570.45396039604,528.825742574257,534.504455445545,511.741089108911,590.263861386139,620.719306930693,474.543564356435,493.885643564357,422.362871287129,569.912376237624,525.039108910891,623.258910891089,648.79801980198,439.782673267327,489.379702970297,350.785148514852,391.005445544555,422.961881188119,685.986138613861,530.921782178218,600.95,668.168316831683,570.999504950495,545.245544554456,674.734158415841,488.789603960396,441.9,375.297524752476,580.557425742574,596.895049504951,364.330198019802,559.467821782178,516.887128712872,497.990594059406,548.026237623762,562.078712871287,500.514356435644,398.909405940594,555.004455445545,575.086633663366,625.60594059406,527.878712871287,350.698019801981,449.911386138614,462.10099009901,622.210396039604,493.530198019802,280.773762376238,494.018316831683,477.829207920792,415.175742574257,521.952475247524,315.617821782178,602.184158415841,683.590099009901,411.75693069307,444.785643564357,478.880693069307,329.006930693069,320.338118811881,528.834653465346,441.499504950495,427.538118811881,610.525247524753,540.181683168317,468.431188118812,582.225247524752,449.657920792079,498.298514851485,576.019306930693,400.542574257425,367.59405940594,368.737128712871,578.85198019802,356.034158415841,374.258415841585,349.310396039604,521.25693069307,560.268811881188,535.886138613861,299.873762376238,416.614356435643,497.374752475248,311.736138613861,567.053960396039,571.65,551.763861386139,459.808415841584,602.244059405941,398.566831683169,390.886633663367,362.887623762377,512.171782178218,702.376237623763,493.377722772277,340.483168316832
"221",843.2,822.083333333333,873.761111111111,751.177777777778,570.105555555555,659.516666666667,712.416666666667,664.294444444444,573.788888888889,766.755555555556,807.055555555556,525.755555555556,788.65,754.377777777778,669.194444444445,547.555555555556,815.161111111111,547.211111111111,716.988888888889,640.994444444444,833.066666666667,558.55,820.444444444444,762.188888888888,794.672222222222,711.477777777778,798.111111111111,681.566666666667,625.85,616.572222222222,820.394444444445,823.894444444445,621.777777777778,599.877777777778,488.222222222222,677.355555555555,709.288888888889,861.083333333333,582.772222222222,875.227777777777,843.272222222222,671.655555555556,640.672222222222,842.45,793.022222222222,553.177777777778,599.755555555556,746.127777777778,627.322222222223,631.011111111111,700.972222222222,821.955555555556,634.411111111111,736.238888888889,596.416666666667,805.7,703.144444444445,832.838888888889,849.394444444445,591.738888888889,832.922222222222,577.066666666667,666.233333333333,767.066666666667,904.05,691.455555555556,520.288888888889,713.227777777777,782.355555555555,719.4,692.394444444445,496.566666666667,611.572222222222,851.288888888889,535.077777777778,690.233333333333,570.116666666667,462.866666666667,576.288888888889,690.872222222222,643.755555555556,731.877777777778,777.872222222222,611.694444444444,654.255555555556,889.377777777778,754.055555555556,802.522222222222,764.238888888889,574.466666666667,512.466666666667,676.844444444444,652.672222222222,601.022222222222,625.277777777778,660.955555555556,781.783333333334,865.344444444444,844.566666666667,526.455555555556,581.677777777778,802.333333333333,534.088888888889,551.427777777778,853.127777777778,534.227777777778,595.944444444444,684,702.777777777778,646.977777777778,546.211111111111,619.927777777777,877.472222222222,615.755555555556,657.066666666667
"222",874.05,824.3,875.975,807.75,588.9,648.125,701.025,711.6,727.9,787.15,809.275,616.15,834.225,776.65,704.8,701.6,800.95,627.05,732.85,688.3,815.15,613.15,974.5,778.05,810.525,752.8,769.8,719,673.15,663.85,836.325,839.775,680.4,632.35,642.3,831.4,756.25,863,630.05,861.075,859.125,718.95,687.95,844.675,797.45,611.8,683.25,762.025,615.95,785.1,748.25,976,676.45,772.05,624.5,959.8,857.2,823.85,828.05,575.45,853.35,673.65,724.85,921.1,881.625,731.45,674.4,750.05,830.45,873.5,728,650.6,595.3,853.525,593.7,748.85,592.55,616.9,730.4,738.15,702.35,886,782.575,659,705.45,879.4,908.1,822.95,796.025,654.25,592.25,830.9,699.95,755.1,737.6,815,767.6,896.15,998.6,680.5,640.3,902.15,688.2,605.95,856.85,588.75,654.55,672.625,856.9,759.3,642.85,656.65,879.375,647.65,811.1
"223",854.51,906.9,958.53,762.51,626.535,720.34,773.235,751.51,585.11,778.09,891.83,537.09,916,765.71,695.01,558.87,870.17,558.51,801.8,728.21,844.38,626.56,831.72,847,879.46,722.8,809.41,692.88,713.02,703.76,905.21,908.71,633.1,611.21,499.52,688.67,720.61,945.9,669.99,917.31,928.09,758.83,727.9,927.21,804.32,564.5,611.08,830.91,688.16,642.31,788.17,833.29,658.37,863.59,699.59,817.01,714.45,871.37,891.42,652.57,844.21,588.38,677.53,778.38,939.91,702.74,531.61,738.67,793.67,730.71,718.21,507.89,672.37,936.1,546.4,701.53,599.68,474.19,587.61,778.09,655.09,743.21,862.68,698.91,665.58,900.71,765.34,813.83,891.58,585.79,523.79,688.14,739.84,612.32,636.6,672.24,836.81,876.64,855.9,537.76,593.01,813.63,545.41,610.32,888.02,593.145,607.22,744.78,714.11,658.31,557.51,645.41,962.29,627.04,668.4
"229",753.717441860465,725.758139534884,777.413953488372,683.18023255814,479.80465116279,552.483720930232,605.374418604651,572.947674418604,532.25,664.49534883721,710.710465116279,471.479069767442,694.237209302325,653.425581395349,564.44534883721,521.859302325581,666.123255813954,482.281395348837,620.659302325582,549.656976744186,679.858139534884,472.945348837209,780.436046511628,665.859302325581,698.339534883721,611.963953488372,638.120930232559,587.063953488372,534.48488372093,525.223255813954,724.074418604651,727.56511627907,533.205813953488,493.648837209303,451.577906976744,628.872093023256,623.93488372093,764.758139534884,491.430232558139,719.4,746.946511627907,580.293023255814,549.338372093023,746.1,664.273255813953,464.6,540.813953488372,649.791860465116,520.290697674418,591.080232558139,609.624418604652,765.098837209302,535.48488372093,638.783720930232,499.41976744186,765.717441860465,662.783720930232,687.506976744186,692.790697674418,484.697674418604,730.65,526.363953488372,577.651162790698,727.067441860466,756.938372093024,591.844186046512,494.620930232558,609.6,709.811627906976,666.374418604651,587.639534883721,470.880232558139,504.518604651162,754.956976744186,446.504651162791,601.653488372093,453.397674418605,437.173255813953,550.61976744186,599.536046511628,555.186046511628,691.538372093023,681.546511627907,520.361627906977,564.55,745.596511627907,710,700.258139534883,665.437209302326,509.544186046512,447.544186046512,636.483720930232,561.31511627907,562.794186046512,564.81511627907,620.58488372093,632.75,775.85,790.366279069768,500.761627906977,493.111627906977,731.498837209302,494.433720930232,465.805813953488,721.719767441861,448.620930232558,507.353488372093,576.943023255814,655.982558139535,586.51976744186,495.509302325582,516.154651162791,781.154651162791,508.959302325581,616.71511627907
"230",1525.621875,1644.58125,1670.834375,1479.79375,1658.00625,1672.58125,1661.90625,1592.21875,1474.31875,1495.36875,1635.33125,1512.775,1594.75,1482.99375,1569.69375,1448.0625,1587.45625,1548.121875,1630.85,1622.8,1561.675,1609.19375,1460.740625,1623.1,1623.45625,1507.3875,1526.73125,1475.26875,1636.3,1574.96875,1626.690625,1621.321875,1518.79375,1604.6,1525.93125,1435.3625,1467.31875,1629.596875,1599.775,1587.69375,1600.496875,1603.83125,1596.775,1664.93125,1521.625,1583.125,1490.0875,1613.39375,1667.2875,1415.68125,1592.3,1504.36875,1547.9125,1580.86875,1632.46875,1485.515625,1431.75,1541.76875,1561.83125,1695.99375,1514.625,1471.6875,1499.83125,1451.775,1570.853125,1535.15625,1455.16875,1526.8625,1481.50625,1448.015625,1554.79375,1489.98125,1672.58125,1642.353125,1586.14375,1489.14375,1625.525,1476.9375,1465.121875,1561.68125,1491.43125,1439.8,1643.36875,1592.3,1518.3625,1516.603125,1459.75,1531.14375,1608.8625,1512.775,1541.98125,1401.15625,1630.25,1443.83125,1446.29375,1391.26875,1554.0875,1498.590625,1484.903125,1474.26875,1563.6875,1487.04375,1486.121875,1641.76875,1559.125,1640.08125,1539.1875,1655.4375,1431.40625,1453.39375,1503.25,1584.50625,1614.096875,1584.36875,1380.675
"241",980.585714285715,1099.55,1151.2,934.75,1112.97142857142,1127.52142857143,1116.87142857142,1047.2,906.8,950.321428571428,1090.3,918.221428571429,1049.71428571428,937.95,1024.68571428571,880.521428571428,1042.42142857143,953.585714285715,1085.81428571429,1077.77142857143,1016.62142857143,1064.17857142857,911.6,1078.06428571429,1078.42142857143,962.35,981.7,930.221428571429,1091.27142857143,1029.92142857143,1063.81428571429,1079.25,973.75,1059.56428571429,931.114285714286,890.321428571428,922.3,1116.45,1054.72142857143,1042.67857142857,1098.62142857143,1058.8,1051.75,1119.9,976.6,1021.75,945.05,1068.35,1122.25,870.65,1047.27142857143,959.321428571428,1002.88571428572,1035.82142857143,1087.42142857143,940.5,886.714285714286,996.721428571429,1016.8,1150.95,969.6,926.65,954.8,906.721428571429,1019.4,990.107142857143,860.621428571429,981.821428571428,936.457142857143,903,1009.75,895.45,1127.52142857143,1128.75,991.6,944.1,1058.72142857143,909.035714285714,890.885714285714,1016.65,946.4,894.764285714286,1098.32142857143,1047.27142857143,973.321428571428,984.45,914.714285714286,986.1,1063.82142857143,967.721428571429,947.45,856.107142857143,1085.2,898.8,901.25,846.221428571429,1009.05,1002.71428571429,935.75,879.721428571429,996.45,942,891.585714285715,1096.72142857143,1014.1,1095.02142857143,994.15,1110.4,886.385714285714,908.35,943.885714285714,1039.47142857142,1149.12142857143,1039.32142857143,835.621428571429
"242",974.66,1093.64,1145.28,928.86,1107.06,1121.62,1110.96,1041.26,891.56,944.42,1084.38,903,1043.78,932.06,1018.76,865.3,1036.5,938.36,1079.9,1071.86,1010.72,1058.26,905.68,1072.16,1072.5,956.44,975.76,924.3,1085.36,1024.02,1057.9,1073.36,967.86,1046.14,893.82,884.4,916.36,1110.54,1048.8,1036.76,1092.72,1052.88,1045.82,1113.98,970.68,1006.56,939.16,1062.46,1116.36,864.72,1041.36,953.42,996.96,1029.9,1081.52,934.56,880.78,990.8,1010.88,1145.06,963.68,920.76,948.88,900.8,1013.48,984.2,845.4,975.9,930.56,897.06,1003.86,880.22,1121.62,1122.86,976.38,938.18,1043.5,871.76,875.26,1010.72,940.46,888.86,1092.4,1041.36,967.4,978.56,908.78,980.18,1057.9,955.14,932.22,850.2,1079.3,892.88,895.36,840.3,1003.16,996.78,929.84,864.5,981.26,936.08,876.36,1090.8,1008.18,1089.12,988.26,1104.48,880.46,902.46,928.66,1033.56,1143.22,1033.4,829.72
"249",999.358333333333,1118.35,1169.98333333333,953.55,1131.75,1146.33333333333,1135.65,1065.95833333333,919.241666666667,969.133333333333,1109.08333333333,930.708333333333,1068.5,956.75,1043.45833333333,892.991666666667,1061.21666666667,966.041666666667,1104.60833333333,1096.55833333333,1035.43333333333,1082.95833333333,930.383333333333,1096.85833333333,1097.21666666667,981.141666666667,1000.46666666667,949.016666666667,1110.05833333333,1048.73333333333,1082.60833333333,1098.05,992.55,1074.49166666667,937.091666666667,909.116666666667,941.058333333333,1135.25,1073.525,1061.45833333333,1119.54166666667,1077.58333333333,1070.54166666667,1138.66666666667,995.366666666667,1034.23333333333,960.058333333333,1087.15,1141.04166666667,889.441666666667,1066.05833333333,978.133333333333,1021.66666666667,1054.625,1106.23333333333,959.266666666667,905.5,1015.50833333333,1035.58333333333,1169.75,988.366666666667,941.166666666667,973.583333333333,925.525,1038.16666666667,1008.89166666667,873.108333333333,1000.61666666667,955.258333333333,921.766666666667,1028.55,907.925,1146.33333333333,1147.54166666667,1004.06666666667,962.875,1071.20833333333,915.05,903.183333333333,1035.44166666667,965.166666666667,913.558333333333,1117.125,1066.05833333333,992.116666666667,1003.25,933.508333333333,1004.88333333333,1082.625,983.025,959.925,874.9,1104,917.566666666667,920.05,865.016666666667,1027.85,1021.5,954.55,892.2,1008.93333333333,960.783333333333,904.041666666667,1115.50833333333,1032.86666666667,1113.83333333333,1012.95,1129.18333333333,905.15,927.15,956.35,1058.25,1164.25,1058.125,854.433333333333
"251",1331.2,1450.175,1491.125,1285.3875,1463.6,1478.175,1467.4875,1397.8,1279.9,1300.95,1440.925,1308.4875,1400.3375,1288.5875,1375.3,1253.6375,1393.05,1343.8375,1436.4375,1428.3875,1367.2625,1414.8,1281.025,1428.7,1429.05,1312.9875,1332.3,1280.85,1441.8875,1380.55,1437.9,1429.8875,1324.3875,1410.2,1318.425,1240.95,1272.9,1449.875,1405.3625,1393.3,1420.775,1409.425,1402.3625,1470.5125,1327.2,1388.7,1295.6875,1418.9875,1472.8875,1221.275,1397.8875,1309.95,1353.5,1386.45,1438.05,1291.1,1237.3375,1347.35,1367.425,1501.5875,1320.2,1277.275,1305.425,1257.3625,1391.125,1340.7375,1250.875,1332.45,1287.1,1253.6,1360.3875,1285.7125,1478.175,1462.625,1381.8625,1294.725,1431.1125,1282.6875,1270.7,1367.275,1297.0125,1245.3875,1448.95,1397.8875,1323.95,1336.8875,1265.3375,1336.725,1414.45,1318.3625,1337.7125,1206.7375,1435.8375,1249.4125,1251.8875,1196.85,1359.6875,1318.85,1305.175,1269.9875,1369.2875,1292.6125,1281.8375,1447.35,1364.7,1445.675,1344.7875,1461.0125,1236.9875,1258.9875,1308.8375,1390.1,1434.3625,1389.95,1186.2625
"259",1296.61666666667,1415.61666666667,1439.68333333333,1250.81666666667,1429.01666666667,1443.61666666667,1432.91666666667,1363.23333333333,1245.33333333333,1266.41666666667,1406.35,1275.05,1365.8,1254.01666666667,1340.71666666667,1219.1,1358.5,1310.35,1401.9,1393.81666666667,1332.71666666667,1380.21666666667,1229.58333333333,1394.11666666667,1394.5,1278.41666666667,1297.73333333333,1246.31666666667,1407.31666666667,1346.01666666667,1383.46666666667,1400.96666666667,1289.81666666667,1375.61666666667,1288.9,1206.41666666667,1238.33333333333,1398.45,1370.81666666667,1358.71666666667,1369.35,1374.85,1367.81666666667,1435.93333333333,1292.63333333333,1354.13333333333,1261.11666666667,1384.41666666667,1438.31666666667,1186.71666666667,1363.31666666667,1275.41666666667,1318.93333333333,1351.91666666667,1403.51666666667,1256.51666666667,1202.8,1312.81666666667,1332.85,1467.01666666667,1285.63333333333,1242.71666666667,1270.85,1222.81666666667,1339.71666666667,1306.18333333333,1217.45,1297.91666666667,1252.51666666667,1219.01666666667,1325.81666666667,1252.25,1443.61666666667,1411.21666666667,1348.38333333333,1260.15,1396.53333333333,1253.48333333333,1236.11666666667,1332.71666666667,1262.43333333333,1210.81666666667,1414.41666666667,1363.31666666667,1289.41666666667,1285.46666666667,1230.8,1302.15,1379.91666666667,1283.81666666667,1304.25,1172.18333333333,1401.3,1214.83333333333,1217.31666666667,1162.31666666667,1325.11666666667,1267.43333333333,1253.75,1236.53333333333,1334.71666666667,1258.06666666667,1248.35,1412.81666666667,1330.13333333333,1411.11666666667,1310.21666666667,1426.45,1202.41666666667,1224.41666666667,1274.3,1355.51666666667,1382.95,1355.41666666667,1151.71666666667
"261",632.44,781.01,764.77,592.92,817.35,831.92,799.33,729.63,646.48,632.8,771.77,677.51,701.59,620.41,707.12,612.81,679,703.14,768.28,782.14,654.01,768.55,554.67,772.24,759.89,644.8,664.14,634.6,795.64,734.32,720.6,739.13,678.13,763.94,690.67,594.71,626.65,723.51,759.11,689.29,694.41,741.27,734.2,801.36,647.92,742.46,649.43,750.81,826.62,575.02,729.73,611.21,707.26,718.3,791.82,592.35,575.79,648.6,668.67,855.33,621.46,631.02,659.19,558.6,664.79,672.57,619.9,664.28,588.34,587.8,692.21,654.72,831.92,736.29,750.88,648.48,784.87,675.51,624.46,699.1,650.77,546.64,787.83,751.64,677.71,610.52,566.59,616.88,715.52,672.12,706.72,560.5,767.68,603.16,605.63,550.6,691.52,592.51,578.81,639.01,723.04,593.88,650.86,801.1,633.36,799.42,698.54,792.85,590.75,612.73,662.59,743.85,708.01,743.72,540.02
"262",549.9625,698.5125,682.2625,510.425,740.95,755.5125,717.45,647.7625,573.2625,550.8875,689.2625,604.475,619.075,538.55,625.25,539.775,596.475,625.65,686.375,705.75,571.475,692.15,472.175,691.95,677.375,562.9125,582.2625,558.175,719.25,657.8875,638.0875,656.625,601.7375,687.55,617.6625,518.275,550.2625,641.0125,682.6875,606.775,611.9125,659.375,652.3,718.8625,563.2625,666.0625,573.05,668.925,750.2125,498.5875,647.85,528.6875,630.85,636.3875,715.3875,509.85,495.5625,566.075,586.175,778.925,538.9625,554.6125,582.7625,476.075,582.275,590.675,546.875,582.375,505.85,506.475,610.3375,581.7125,755.5125,653.775,677.875,572.0625,708.4625,602.475,548.0625,617.2125,574.3625,464.15,706.975,675.25,601.275,528.05,484.075,534.375,630.475,595.7125,633.7125,484.075,685.775,526.7625,529.225,474.175,609.625,509.975,496.3125,565.975,646.625,511.375,577.85,724.675,550.8625,723.0125,622.125,710.975,514.35,536.3375,586.175,667.45,625.5125,667.275,463.575
"269",643.731538461539,786.341538461538,770.085384615385,626.040769230769,855.973076923077,857.993076923077,816.782307692308,763.156153846154,688.257692307693,666.740769230769,777.085384615385,722.738461538462,719.191538461538,654.37,741.079230769231,661.943076923077,705.548461538462,741.337692307692,784.860769230769,818.476153846154,681.685384615384,807.622307692308,572.731538461539,779.760769230769,765.217692307692,678.757692307693,698.100769230769,673.674615384615,833.883846153846,773.386923076923,725.922307692308,744.453076923077,717.214615384616,803.025384615384,739.412307692308,633.777692307693,665.734615384615,728.841538461538,798.191538461538,696.49,699.740769230769,771.946923076923,768.033076923077,806.680769230769,679.314615384616,781.545384615384,688.513076923077,766.253076923077,860.752307692308,614.096153846154,759.062307692308,625.806923076923,746.333076923077,746.433076923077,830.886923076923,613.126923076923,611.271538461539,666.460769230769,686.060769230769,893.188461538462,641.136153846154,670.106153846154,698.25,589.576153846154,671.99,706.517692307692,668.749230769231,698.233076923077,621.445384615384,622.282307692308,726.173076923077,703.463076923077,869.762307692308,741.603846153846,794.110769230769,687.553076923077,823.943846153846,724.255384615385,663.534615384616,732.583846153846,689.842307692307,579.743846153846,794.822307692308,790.291538461538,716.777692307693,624.942307692308,599.69,649.974615384616,733.151538461539,711.191538461538,751.056923076923,599.568461538462,798.583846153846,642.245384615385,644.714615384616,589.674615384615,724.113076923077,606.940769230769,594.903846153846,686.338461538462,762.116153846154,626.974615384616,698.501538461538,840.174615384615,647.771538461539,838.491538461539,737.616153846154,817.246923076923,629.822307692308,651.816153846154,701.663846153846,782.923846153846,713.33,782.785384615384,579.085384615385
"271",407.447368421053,454.636842105263,430.315789473684,507.984210526316,658.515789473684,577.736842105263,522.136842105263,566.442105263158,653.992105263158,495.431578947368,445.378947368421,698.544736842106,428.8,527.73947368421,604.821052631579,655.023684210526,434.378947368421,700.755263157895,486.8,584.752631578947,459.015789473684,640.636842105263,408.265789473684,448.036842105263,433.510526315789,532.831578947368,555.452631578947,603.981578947368,611.452631578947,613.610526315789,394.221052631579,412.736842105263,620.068421052632,688.736842105263,752.976315789474,558.139473684211,562.355263157894,397.136842105263,621.821052631579,383.38947368421,368.036842105263,532.884210526316,591.610526315789,464.842105263158,492.9,728.863157894737,653.765789473684,463.536842105263,605.410526315789,575.555263157895,506.636842105263,420.915789473684,635.547368421053,482.315789473684,639.215789473684,433.628947368421,501.373684210527,438.410526315789,407.131578947368,645.936842105263,438.431578947368,635.363157894737,570.005263157895,433.165789473684,358.88947368421,560.594736842105,725.323684210526,576.536842105263,472.176315789474,529.35,581.036842105263,717.055263157895,622.531578947368,409.88947368421,762.747368421052,551.673684210526,705.863157894737,737.844736842105,628.765789473684,534.136842105263,592.684210526316,475.065789473685,463.126315789474,593.936842105263,593.605263157895,374.436842105263,459.107894736842,464.973684210526,452.952631578947,665.981578947368,722.955263157895,529.205263157894,561.7,607.476315789474,609.965789473684,548.81052631579,468.315789473684,389.310526315789,395.931578947368,677.265789473684,664.968421052632,454.205263157895,693.365789473685,669.210526315789,397.263157894737,671.531578947368,640.468421052632,550.384210526316,528.771052631579,611.15,666.902631578947,652.736842105263,381.631578947368,673.715789473684,558.736842105263
"279",501.295588235294,495.402941176471,459.488235294118,600.288235294117,734.963235294118,654.177941176471,598.611764705882,644.311764705882,757.697058823529,592.692647058823,497.820588235294,802.222794117647,511.663235294118,623.304411764706,678.802941176471,758.713970588235,527.351470588235,800.663235294117,566.557352941177,661.229411764706,551.801470588235,716.329411764706,504.551470588235,525.044117647059,508.951470588235,629.158823529412,631.644117647059,702.054411764706,687.930882352941,688.980882352941,482.757352941176,495.039705882353,715.885294117647,763.886764705882,856.688235294118,669.224264705882,662.031617647059,478.730882352941,698.261764705882,478.516176470588,459.082352941176,609.335294117647,667.288235294118,487.285294117647,585.541176470588,799.902941176471,758.626470588235,540,681.857352941176,678.597794117647,585.636764705882,514.480882352941,708.073529411765,565.392647058824,715.664705882353,530.646323529412,599.476470588235,531.173529411765,501.407352941176,722.404411764706,531.813235294118,739.04044117647,666.327941176471,531.691176470588,453.891176470588,651.958823529412,825.998529411764,651.455882352941,564.628676470588,630.657352941176,657.633823529412,820.72794117647,698.975,462.858823529412,835.532352941176,648.007352941176,781.025,841.522794117647,732.477205882353,612.019117647059,688.516176470589,573.152205882353,523.607352941176,670.416176470588,683.708823529412,468.379411764706,558.031617647059,558.257352941176,536.730882352941,760.420588235294,823.854411764706,630.90294117647,638.147058823529,711.189705882353,713.65,651.281617647059,561.711764705882,483.138235294118,489.526470588235,780.963235294118,760.780882352941,548.351470588235,797.051470588235,745.657352941176,491.239705882353,747.189705882353,738.529411764706,626.835294117647,639.874264705883,722.227205882353,770.603676470588,727.967647058824,460.038235294118,747.305882352941,659.009558823529
"280",662.512195121951,709.643902439024,761.282926829268,570.498170731707,476.271951219512,553.796341463414,594.30243902439,553.640243902439,393.103658536585,586.069512195122,694.585365853658,345.064634146341,706.851219512195,573.698780487804,504.448780487805,366.85,667.079268292683,369.851219512195,603.932926829268,530.34756097561,649.796341463414,463.737804878049,639.726829268292,649.521951219512,685.380487804878,539.8,614.598780487805,500.867073170731,515.163414634146,505.896341463415,709.680487804878,714.625609756097,444.434756097561,422.984756097561,307.514634146341,496.651219512195,528.608536585366,751.814634146342,472.104878048781,714.797560975609,733.991463414634,560.971951219512,530.014634146341,729.976829268292,612.317073170732,377.29512195122,423.64756097561,633.75731707317,527.531707317073,450.310975609756,591.468292682927,641.267073170731,468.920731707317,654.423170731708,498.704878048781,625.012195121951,522.437804878048,672.3,688.921951219512,514.348780487805,652.218292682927,400.637804878049,490.384146341464,586.367073170731,737.415853658537,514.958536585366,339.60487804878,549.231707317073,601.652439024391,538.713414634146,527.645121951219,315.874390243902,534.162195121951,738.846341463415,359.20243902439,518.00731707317,407.453658536586,282.826829268293,395.603658536585,580.974390243902,466.920731707317,551.203658536586,665.419512195122,501.048780487805,477.15731707317,706.325609756097,573.337804878048,621.828048780488,682.414634146342,397.119512195122,336.174390243902,496.137804878049,541.982926829269,420.310975609756,444.592682926829,480.240243902439,633.726829268292,684.637804878048,663.887804878048,345.751219512195,404.867073170732,621.625609756097,353.404878048781,457.229268292683,691.423170731708,437.182926829268,420.028048780488,569.286585365854,522.10243902439,466.298780487804,367.874390243902,454.998780487805,768.203658536586,439.84268292683,476.379268292682
"300",1269.275,1149.55178571429,1101.53928571429,1357.23571428571,1418.74642857143,1337.95535714286,1282.39285714286,1333.30714285714,1558.91785714286,1341.54285714286,1161.81785714286,1603.44464285714,1211.13214285714,1371.18214285714,1365.04285714286,1559.94107142857,1252.01964285714,1535.57857142857,1255.66428571429,1345.01071428571,1279.54285714286,1400.89285714286,1287.525,1209.66428571429,1191.1,1376.0625,1322.30892857143,1455.23571428571,1371.71071428571,1373.8375,1213.1875,1189.90535714286,1463.18214285714,1448.96607142857,1657.91071428571,1439.94107142857,1418.14464285714,1175.66428571429,1382.04285714286,1231.89285714286,1210.78928571429,1293.12142857143,1351.8375,1125.13035714286,1316.11071428571,1489.11071428571,1522.68214285714,1223.77857142857,1365.6375,1480.45535714286,1273.49464285714,1289.74821428571,1395.80714285714,1262.94464285714,1399.44464285714,1315.23214285714,1390.37946428571,1258.93928571429,1228.62142857143,1406.18214285714,1286.81785714286,1540.26607142857,1413.23571428571,1327.95446428571,1214.01785714286,1373.63035714286,1608.1375,1343.37678571429,1326.03928571429,1390.2,1347.87678571429,1621.95535714286,1382.75178571429,1138.13035714286,1528.68214285714,1394.91785714286,1466.11071428571,1642.74642857143,1533.7,1300.97857142857,1435.80892857143,1364.0625,1193.74642857143,1354.1875,1408.73571428571,1232.725,1345.13214285715,1311.18214285714,1234.85535714286,1510.25178571429,1564.85535714286,1434.13035714286,1321.93035714286,1512.41071428571,1514.87678571429,1453.73035714286,1288.64464285714,1251.11428571429,1264.79821428571,1582.18928571429,1508.07857142857,1311.55,1598.27857142857,1429.44107142857,1256.17321428571,1431.75178571429,1476.71785714286,1310.62142857143,1410.59107142857,1489.90535714286,1571.83035714286,1412.99464285714,1170.55178571429,1433.94464285714,1459.84821428571
"311",295.616666666667,143.116666666667,95.0666666666667,350.766666666667,412.283333333333,331.516666666667,275.95,326.85,552.45,335.1,155.35,597,204.65,364.733333333333,358.6,553.45,245.55,529.15,249.233333333333,338.55,273.116666666667,394.45,303.816666666667,203.233333333333,184.65,369.616666666667,315.85,448.766666666667,365.25,367.366666666667,206.75,183.45,456.733333333333,442.516666666667,651.45,433.45,411.683333333333,169.233333333333,375.6,231.55,199.333333333333,286.65,345.366666666667,118.65,309.65,482.65,516.233333333333,217.333333333333,359.166666666667,474.016666666667,267.05,315.183333333333,389.35,256.5,393.016666666667,341.85,400.75,252.466666666667,222.15,399.733333333333,280.35,533.816666666667,406.766666666667,340.1,215.866666666667,367.15,601.666666666667,336.95,319.55,383.75,341.45,615.516666666667,376.316666666667,131.65,522.233333333333,388.45,459.65,636.3,527.25,294.55,429.35,374.45,187.3,347.75,402.266666666667,242.35,354.616666666667,304.733333333333,228.416666666667,503.816666666667,558.416666666667,427.65,315.45,505.95,508.45,447.25,282.183333333333,261.25,281.116666666667,575.75,501.65,312.15,591.85,422.95,258.95,425.316666666667,470.25,304.15,404.15,483.45,565.35,406.55,164.616666666667,427.516666666667,453.4
"319",456.119540229885,305.905747126437,258.380459770115,514.058620689655,567.665517241379,487.886206896552,435.449425287356,486.126436781609,711.950574712644,494.581609195402,316.333333333333,753.913793103448,365.845977011494,524.206896551724,518.113793103448,712.966666666667,406.742528735632,688.636781609195,408.732183908046,498.067816091954,434.271264367816,553.948275862069,471.447701149425,363.62183908046,345.811494252874,529.101149425287,475.333333333333,608.270114942529,524.766666666667,526.898850574713,367.902298850575,344.611494252874,616.206896551724,602.031034482759,807.1,592.966666666667,571.17816091954,332.510344827586,535.113793103448,392.704597701149,363.401149425287,446.181609195402,504.898850574713,281.571264367816,470.51724137931,642.167816091954,675.706896551724,376.808045977012,513.566666666667,633.494252873563,427.025287356322,477.892528735632,548.85632183908,415.979310344828,548.364367816092,504.712068965517,562.38275862069,413.65632183908,383.337931034483,553.549425287356,441.534482758621,693.301149425287,566.270114942529,501.271264367816,383.274712643678,527.164367816092,761.168965517241,496.366666666667,480.754022988506,543.225287356322,501.413793103448,774.993103448276,531.270114942529,294.970114942529,681.736781609195,547.952873563218,619.166666666667,795.780459770115,686.727586206897,454.513793103448,588.834482758621,535.949425287356,348.352873563218,507.242528735632,562.277011494253,411.166666666667,516.040229885057,465.844827586207,388.998850574713,663.291954022989,717.925287356322,587.157471264368,474.991954022989,665.437931034483,667.906896551724,606.758620689655,442.775862068966,431.955747126437,448.713793103448,735.214942528736,661.193103448276,473.336781609195,751.308045977011,582.497701149425,420.148275862069,584.824137931034,629.777011494253,463.681609195402,563.613793103448,642.925287356322,724.859770114943,566.044827586207,328.505747126437,587.011494252874,612.880459770115
"321",1545.55,1389.1,1341.1,1581.95,1492.6,1459.4,1474.6,1523.3,1714,1538.9,1394.55,1703.85,1450.6,1568.5,1542.65,1723.4,1471.8,1661.05,1447.9,1501,1504.75,1526.35,1554.65,1420.8,1424,1573.4,1519.65,1619.4,1501.35,1526.55,1452.65,1429.4,1622.1,1574.45,1737.3,1627.85,1611.05,1415.2,1509.75,1477.45,1442.6,1485.35,1527.65,1364.65,1529.45,1614.55,1686.2,1421.1,1459.6,1665,1470.3,1568.75,1543.8,1460.3,1492.7,1596,1630.05,1498.45,1468.1,1463.1,1526.3,1701.2,1587.95,1586.05,1465,1570.45,1752.25,1534.9,1550.25,1587.5,1544.7,1754.9,1452.5,1377.65,1654.15,1592.25,1591.55,1772.75,1711.2,1497.8,1594.75,1605.35,1410.7,1509.6,1567.15,1496.1,1591.4,1528.45,1448,1662.3,1690.35,1631.45,1501.4,1686.3,1674.6,1651.05,1499.6,1516.2,1531.9,1738.35,1639.1,1558.1,1729.1,1520.35,1504.9,1557.25,1602.2,1473.1,1607.9,1657.15,1705.25,1542.5,1411.65,1563.5,1657.2
"329",1589.16,1432.64,1384.6,1638.10666666667,1671.04666666667,1602.19333333333,1554.25333333333,1604.56666666667,1833.14666666667,1616.93333333333,1443.96,1862.06,1494.18,1646.58666666667,1636.9,1835.32666666667,1532.43333333333,1800.89333333333,1527.54666666667,1616.51333333333,1560.69333333333,1666.2,1598.16666666667,1488.96666666667,1473.28666666667,1651.48666666667,1597.69333333333,1730.68,1638.11333333333,1646.4,1496.26,1472.96666666667,1737.41333333333,1714.28666666667,1911.26,1715.32666666667,1693.53333333333,1458.75333333333,1647.92666666667,1521.06,1486.10666666667,1564.95333333333,1623.68666666667,1408.18666666667,1595.67333333333,1754.40666666667,1798.06,1499.19333333333,1619.58,1755.87333333333,1546.58,1612.31333333333,1667.12,1538.35333333333,1654.34666666667,1639.58,1688.04666666667,1541.99333333333,1511.66,1654.61333333333,1569.86,1815.31333333333,1690.08666666667,1629.6,1508.56666666667,1646.7,1880.91333333333,1615.06666666667,1607.05333333333,1665.59333333333,1620.98,1893.27333333333,1634.1,1421.18666666667,1793.99333333333,1670.29333333333,1731.40666666667,1909.25333333333,1809.09333333333,1574.08,1710.02666666667,1661.96,1473.80666666667,1625.63333333333,1682.80666666667,1539.66,1642.93333333333,1591.29333333333,1514.42666666667,1782.65333333333,1830.18,1709.51333333333,1593.76666666667,1787.79333333333,1789.76666666667,1729.12,1567.89333333333,1559.70666666667,1575.46666666667,1856.58666666667,1774.86,1601.66,1865.03333333333,1689.30666666667,1548.47333333333,1697.07333333333,1742.00666666667,1582.97333333333,1685.99333333333,1765.77333333333,1839.24,1679.38666666667,1455.16666666667,1700.34,1735.24666666667
"331",1347.02,1466.02,1476.98,1301.22,1479.42,1494.02,1483.32,1413.62,1295.72,1316.8,1456.76,1334.2,1416.16,1304.42,1391.12,1269.46,1408.86,1369.52,1452.26,1444.22,1383.1,1430.62,1266.88,1444.52,1444.86,1328.82,1348.14,1296.68,1457.72,1396.38,1432.8,1445.46,1340.22,1426.02,1347.32,1256.78,1288.72,1435.74,1421.2,1409.12,1406.64,1425.26,1418.2,1486.32,1343.04,1404.54,1311.52,1434.82,1488.72,1237.1,1413.72,1325.8,1369.32,1402.3,1453.88,1306.92,1253.16,1363.18,1383.26,1517.42,1336.04,1293.12,1321.26,1273.2,1376.98,1356.56,1276.58,1348.28,1302.92,1269.42,1376.22,1311.42,1494.02,1448.48,1407.54,1310.54,1446.92,1302.28,1286.52,1383.1,1312.82,1261.22,1464.8,1413.72,1339.78,1322.74,1281.16,1352.54,1430.28,1334.2,1363.42,1222.56,1451.66,1265.24,1267.72,1212.68,1375.52,1304.7,1291.04,1295.68,1385.12,1308.46,1307.52,1463.18,1380.54,1461.52,1360.62,1476.86,1252.82,1274.82,1324.66,1405.92,1420.24,1405.8,1202.1
"339",1330.4,1449.38,1462.02,1284.58,1462.78,1477.36,1466.68,1397,1279.1,1300.12,1440.12,1317.54,1399.52,1287.78,1374.5,1252.82,1392.22,1352.9,1435.62,1427.6,1366.44,1414,1251.92,1427.9,1428.22,1312.16,1331.5,1280.02,1441.1,1379.72,1417.84,1436.38,1323.58,1409.4,1330.72,1240.12,1272.1,1420.78,1404.54,1392.5,1391.66,1408.62,1401.54,1469.72,1326.4,1387.9,1294.88,1418.18,1472.06,1220.44,1397.1,1309.12,1352.7,1385.62,1437.22,1290.3,1236.52,1346.52,1366.62,1500.78,1319.4,1276.48,1304.62,1256.54,1362.02,1339.92,1259.92,1331.62,1286.28,1252.8,1359.58,1294.76,1477.36,1433.52,1390.92,1293.92,1430.32,1288.54,1269.9,1366.44,1296.22,1244.6,1448.12,1397.1,1323.12,1307.78,1264.52,1335.92,1413.62,1317.54,1346.76,1205.92,1435.02,1248.62,1251.08,1196.02,1358.88,1289.72,1276.06,1279.02,1368.48,1291.82,1290.9,1446.52,1363.9,1444.86,1343.98,1460.22,1236.18,1258.18,1308.02,1389.28,1405.26,1389.12,1185.44
"341",1085.08571428571,1204.06428571429,1257.10714285714,1039.26428571429,1217.47142857143,1232.05714285714,1221.37142857143,1151.69285714286,1033.79285714286,1054.85,1194.81428571429,1045.25,1154.22142857143,1042.46428571429,1129.16428571429,1007.52142857143,1146.93571428571,1080.6,1190.32142857143,1182.27142857143,1121.14285714286,1168.66428571429,1023.41428571429,1182.56428571429,1182.93571428571,1066.85714285714,1086.21428571429,1034.72857142857,1195.77142857143,1134.44285714286,1173.47142857143,1183.76428571429,1078.26428571429,1164.06428571429,1060.60714285714,994.835714285714,1026.79285714286,1224.45,1159.24285714286,1147.16428571429,1199.83571428571,1163.31428571429,1156.25714285714,1224.4,1081.11428571429,1142.61428571429,1049.56428571429,1172.86428571429,1226.75714285714,975.157142857143,1151.77142857143,1063.85,1107.38571428571,1140.35,1191.94285714286,1044.97857142857,991.221428571429,1101.23571428571,1121.31428571429,1255.46428571429,1074.11428571429,1031.16428571429,1059.31428571429,1011.25,1143.47142857143,1094.62142857143,987.642857142857,1086.33571428571,1040.97142857143,1007.48571428571,1114.26428571429,1022.46428571429,1232.05714285714,1234.90714285714,1118.62142857143,1048.62142857143,1185.01428571429,1038.55,1024.58571428571,1121.15714285714,1050.9,999.264285714286,1202.85,1151.77142857143,1077.83571428571,1097.51428571429,1019.22142857143,1090.62142857143,1168.33571428571,1072.25714285714,1074.46428571429,960.621428571429,1189.72142857143,1003.3,1005.76428571429,950.721428571429,1113.56428571429,1096.6,1047.55,1006.74285714286,1123.16428571429,1046.52142857143,1018.6,1201.23571428571,1118.61428571429,1199.55714285714,1098.66428571429,1214.92142857143,990.871428571429,1012.86428571429,1062.72142857143,1143.97142857143,1213.40714285714,1143.85,940.135714285714
"342",1064.09285714285,1183.07857142857,1234.70714285715,1018.29285714285,1196.49285714285,1211.06428571429,1200.39285714286,1130.69285714286,1011.63571428572,1033.86428571428,1173.79285714285,1020.75714285714,1133.22142857143,1021.49285714285,1108.19285714286,985.385714285714,1125.94285714286,1056.08571428571,1169.32142857143,1161.29285714285,1100.16428571428,1147.69285714286,995.107142857143,1161.59285714285,1161.94285714286,1045.89285714286,1065.19285714286,1013.74285714285,1174.79285714285,1113.46428571428,1147.32142857143,1162.79285714285,1057.29285714285,1143.09285714285,1036.1,973.85,1005.79285714285,1199.97857142857,1138.26428571429,1126.19285714286,1207.47857142857,1142.29285714285,1135.27857142857,1203.39285714286,1060.09285714285,1121.59285714285,1028.59285714285,1151.89285714286,1205.79285714285,954.178571428572,1130.79285714285,1042.86428571428,1086.39285714286,1119.36428571428,1170.96428571428,1023.99285714285,970.207142857143,1080.25,1100.29285714285,1234.49285714285,1053.09285714285,1010.17857142857,1038.29285714285,990.264285714286,1102.89285714286,1073.60714285714,963.128571428571,1065.33571428572,1019.99285714285,986.492857142857,1093.29285714285,997.971428571429,1211.06428571429,1212.29285714285,1094.1,1027.60714285714,1163.99285714285,1014.05714285714,1003.59285714285,1100.16428571428,1029.89285714286,978.292857142857,1181.86428571428,1130.79285714285,1056.83571428572,1067.99285714285,998.207142857143,1069.60714285714,1147.33571428572,1051.27857142857,1049.97142857143,939.621428571429,1168.72142857143,982.292857142857,984.792857142857,929.742857142857,1092.59285714285,1086.22142857143,1019.29285714285,982.242857142857,1102.19285714286,1025.50714285715,994.085714285714,1180.25,1097.59285714285,1178.56428571429,1077.69285714286,1193.89285714286,969.892857142857,991.892857142857,1041.70714285715,1122.99285714285,1221.06428571429,1122.86428571428,919.164285714286
"350",1036.27121212121,910.148484848485,871.040909090909,1011.27424242424,821.072727272727,809.375757575757,858.324242424242,909.972727272728,1073.12424242425,979.801515151515,881.616666666667,1040.74545454546,941.292424242424,987.95,920.378787878788,1099.05303030303,943.110606060606,995.712121212121,863.774242424242,853.703030303031,981.527272727272,861.018181818182,1093.48333333333,882.281818181818,907.307575757576,966.216666666667,979.037878787879,987.551515151515,837.172727272728,888.454545454545,943.365151515152,924.671212121212,985.109090909091,909.096969696969,1063.08181818182,1016.40151515152,1000.80757575758,948.545454545455,846.572727272727,968.171212121212,966.219696969697,894.348484848485,898.439393939394,927.822727272727,988.840909090909,949.230303030303,1053.75757575758,876.665151515151,788.096969696969,1050.16969696969,912.815151515151,1059.41363636363,901.021212121212,919.692424242424,821.166666666667,1086.68939393939,1059.62272727273,989.095454545454,958.783333333333,791.606060606061,1016.98333333333,1066.18636363637,966.651515151515,1057.92878787879,988.677272727273,950.003030303031,1103.38484848485,958.09696969697,1016.71363636364,1016.84393939394,942.066666666666,1093.3803030303,781.021212121212,938.360606060606,988.806060606061,989.187878787879,926.230303030303,1099.39848484848,1090.68333333334,918.475757575757,957.730303030303,1053.43787878788,877.94696969697,874.221212121212,930.051515151515,1019.75606060606,1045.32121212122,997.359090909091,911.384848484848,1018.38787878788,1025.68787878788,1044.53484848485,876.39696969697,1062.64393939394,1038.42727272728,1052.33787878788,959.016666666667,1047.91363636363,1070.76818181818,1102.69696969697,978.651515151515,1048.78333333334,1062.75,848.836363636364,995.589393939394,891.890909090909,936.836363636364,831.169696969697,1030.35151515152,1028.52424242425,1042.47424242424,881.221212121212,964.90303030303,902.169696969697,1052.82878787879
"361",1175.61,1294.58,1308.03,1129.79,1308.01,1322.57,1311.9,1242.22,1124.33,1145.35,1285.33,1162.75,1244.73,1132.98,1219.7,1098.03,1237.44,1198.11,1280.83,1272.8,1211.65,1259.2,1097.93,1273.1,1273.44,1157.37,1176.73,1125.24,1286.3,1224.94,1263.84,1282.38,1168.79,1254.6,1175.93,1085.34,1117.33,1266.78,1249.75,1237.7,1237.67,1253.83,1246.77,1314.93,1171.63,1233.13,1140.08,1263.39,1317.27,1065.67,1242.3,1154.35,1197.93,1230.85,1282.44,1135.52,1081.73,1191.74,1211.83,1345.98,1164.63,1121.68,1149.83,1101.75,1208.03,1185.13,1105.13,1176.84,1131.51,1098.02,1204.79,1139.95,1322.57,1279.53,1236.13,1139.13,1275.53,1133.75,1115.11,1211.67,1141.43,1089.8,1293.35,1242.3,1168.34,1153.78,1109.73,1181.13,1258.84,1162.77,1191.95,1051.13,1280.23,1093.83,1096.29,1041.24,1204.08,1135.74,1122.07,1124.24,1213.69,1137.03,1136.11,1291.74,1209.13,1290.07,1189.19,1305.43,1081.4,1103.39,1153.23,1234.51,1251.25,1234.35,1030.64
"362",898.033333333333,1017,1029.63333333333,852.2,1030.43333333333,1044.96666666667,1034.33333333333,964.633333333333,846.733333333333,867.766666666667,1007.76666666667,885.166666666667,967.166666666667,855.4,942.133333333333,820.466666666667,959.866666666667,920.533333333333,1003.26666666667,995.2,934.066666666667,981.633333333333,819.533333333333,995.5,995.866666666667,879.8,899.133333333333,847.666666666667,1008.7,947.366666666667,985.466666666667,1004,891.2,977,898.333333333333,807.766666666667,839.733333333333,988.4,972.166666666667,960.133333333333,959.3,976.233333333333,969.166666666667,1037.33333333333,894.033333333333,955.533333333333,862.5,985.8,1039.7,788.1,964.7,876.766666666667,920.333333333333,953.266666666667,1004.86666666667,857.933333333333,804.166666666667,914.166666666667,934.233333333333,1068.4,887.033333333333,844.1,872.233333333333,824.166666666667,929.666666666667,907.566666666667,827.566666666667,899.266666666667,853.933333333333,820.433333333333,927.2,862.4,1044.96666666667,1001.16666666667,958.533333333333,861.533333333333,997.933333333333,856.166666666667,837.533333333333,934.1,863.833333333333,812.2,1015.76666666667,964.7,890.766666666667,875.4,832.166666666667,903.533333333333,981.266666666667,885.166666666667,914.4,773.566666666667,1002.66666666667,816.233333333333,818.7,763.666666666667,926.5,857.366666666667,843.7,846.666666666667,936.1,859.466666666667,858.533333333333,1014.16666666667,931.533333333333,1012.46666666667,911.6,1027.86666666667,803.833333333333,825.8,875.666666666667,956.933333333333,972.9,956.766666666667,753.066666666667
"363",1129.77692307692,1248.73076923077,1299.66153846154,1083.93846153846,1262.15769230769,1276.73076923077,1266.06538461539,1196.37692307692,1078.47692307692,1099.53076923077,1239.48461538462,1098.71538461539,1198.89230769231,1087.13076923077,1173.85,1052.22307692308,1191.62307692308,1134.06923076923,1234.98846153846,1226.96923076923,1165.82307692308,1213.35,1071.43846153846,1227.24230769231,1227.62307692308,1111.53076923077,1130.88076923077,1079.40769230769,1240.46923076923,1179.13076923077,1221.08846153846,1228.43846153846,1122.93846153846,1208.74230769231,1113.39230769231,1039.51153846154,1071.47692307692,1259.52307692307,1203.92307692308,1191.85,1230.42307692307,1207.98461538462,1200.93076923077,1269.08076923076,1125.78461538461,1187.28461538461,1094.23076923077,1217.53846153846,1271.43076923077,1019.83076923077,1196.46923076923,1108.53076923077,1152.06923076923,1185.03076923077,1236.63076923077,1089.66923076923,1035.89230769231,1145.90769230769,1165.98461538462,1300.13076923077,1118.78461538461,1075.83076923077,1103.98461538462,1055.92307692308,1200.79230769231,1139.30769230769,1041.10384615385,1131.01923076924,1085.65769230769,1052.16923076923,1158.93846153846,1075.92307692308,1276.73076923077,1272.29230769231,1172.07692307692,1093.28461538461,1229.68461538461,1085.15384615384,1069.27692307692,1165.83076923077,1095.58076923076,1043.96923076923,1247.53076923077,1196.46923076923,1122.51923076924,1144.45384615385,1063.89230769231,1135.28461538461,1213.01923076924,1116.93076923077,1127.92307692308,1005.30384615385,1234.39230769231,1047.97692307692,1050.43846153846,995.419230769231,1158.23076923077,1130.08461538462,1095.58461538462,1060.21538461539,1167.83846153846,1091.18461538461,1072.06923076923,1245.90769230769,1163.28461538461,1244.23076923077,1143.33846153846,1259.58461538462,1035.56538461539,1057.53846153846,1107.39230769231,1188.65769230769,1244.02307692307,1188.53076923077,984.823076923077
"364",972.4,1091.375,1104,926.5875,1104.8,1119.3625,1108.7,1039,921.1,942.1375,1082.1,959.525,1041.5125,929.775,1016.4875,894.8125,1034.2125,994.9,1077.6125,1069.5875,1008.4125,1055.9875,893.9,1069.9,1070.2125,954.175,973.5,922.0125,1083.0875,1021.725,1059.8125,1078.375,965.5875,1051.4,972.7,882.1125,914.1,1062.775,1046.5375,1034.4875,1033.675,1050.6,1043.5625,1111.7,968.4,1029.9,936.8875,1060.1875,1114.075,862.475,1039.1,951.1375,994.7,1027.6375,1079.225,932.3,878.5,988.5125,1008.6,1142.775,961.4,918.475,946.6,898.525,1004.0125,981.9125,901.9125,973.6125,928.3,894.8,1001.5875,936.775,1119.3625,1075.5125,1032.9,935.9,1072.3,930.525,911.9,1008.475,938.2,886.6,1090.1375,1039.1,965.1125,949.775,906.5,977.9,1055.6125,959.5625,988.775,847.9125,1077.0125,890.6,893.0875,838.0125,1000.8875,931.725,918.075,921.0125,1010.475,933.8,932.9,1088.5125,1005.9,1086.8625,985.975,1102.2,878.1875,900.1875,950,1031.3,1047.25,1031.1375,827.425
"369",1078.71428571429,1197.68214285714,1210.92857142857,1032.88928571429,1211.10714285714,1225.67857142857,1215.00714285714,1145.31071428571,1027.41428571428,1048.46607142857,1188.43571428571,1065.86607142857,1147.84642857143,1036.09285714286,1122.79285714286,1001.16071428572,1140.55357142857,1101.21428571429,1183.93928571429,1175.89642857143,1114.76607142858,1162.29285714286,1000.80892857143,1176.20357142857,1176.55357142857,1060.48928571428,1079.82857142857,1028.35714285714,1189.39642857143,1128.06785714286,1166.75892857143,1184.17142857143,1071.88928571429,1157.70357142857,1079.03214285714,988.453571428572,1020.41071428572,1169.675,1152.86607142857,1140.79285714286,1140.57857142857,1156.93571428571,1149.875,1218.03214285714,1074.71785714286,1136.21785714286,1043.19285714286,1166.49285714286,1220.38571428572,968.782142857143,1145.39642857143,1057.46607142857,1101.01428571429,1133.96607142857,1185.56785714286,1038.61428571428,984.846428571429,1094.85714285714,1114.93571428571,1249.09285714286,1067.71785714286,1024.78571428571,1052.93571428571,1004.86428571428,1110.91964285714,1088.25,1008.26071428572,1079.95,1034.60714285714,1001.11428571428,1107.88928571429,1043.08214285714,1225.67857142857,1182.43571428571,1139.23571428571,1042.23571428571,1178.625,1036.86428571428,1018.21428571428,1114.77857142857,1044.53214285714,992.896428571428,1196.46607142857,1145.39642857143,1071.45,1056.66607142857,1012.84642857143,1084.23571428571,1161.95,1065.875,1095.08214285714,954.25,1183.34642857143,996.928571428572,999.389285714286,944.357142857142,1107.19285714286,1038.65892857143,1024.975,1027.35714285714,1116.78928571428,1040.13214285714,1039.21428571429,1194.85714285714,1112.21785714286,1193.17857142857,1092.28928571428,1208.53571428571,984.503571428571,1006.49285714286,1056.34642857143,1137.60714285714,1154.17142857143,1137.46607142857,933.767857142857
"371",916.916666666667,1032.69444444445,1084.32777777778,824.894444444444,895.605555555556,930.294444444444,1007.00555555556,937.327777777778,644.027777777778,840.494444444445,1017.63888888889,655.494444444445,978.394444444445,828.105555555556,856.505555555555,617.744444444445,932.572222222222,690.827777777778,975.938888888889,903.016666666667,906.794444444444,842.405555555556,894.138888888889,968.216666666666,998.677777777777,852.494444444445,871.827777777778,751.794444444444,887.827777777778,863.383333333333,1002.03888888889,1027.90555555556,744.383333333333,805.716666666667,634.027777777778,770.072222222222,802.027777777778,1065.09444444444,844.794444444444,979.716666666666,1047.29444444445,948.927777777778,883.583333333333,1053.02777777778,866.727777777778,758.994444444445,692.105555555556,958.505555555555,909.194444444445,701.216666666667,937.405555555556,895.694444444445,836.316666666667,925.994444444445,874.383333333333,879.416666666667,776.838888888889,933.744444444445,953.838888888889,937.894444444445,906.627777777778,667.894444444444,788.227777777778,840.794444444444,1002.32777777778,831.838888888889,597.883333333333,871.95,856.072222222222,793.127777777778,899.894444444444,632.694444444445,914.494444444445,1061.89444444445,728.838888888889,823.838888888889,795.994444444445,611.994444444445,646.527777777778,906.794444444444,779.827777777778,805.605555555556,988.494444444445,873.716666666667,806.738888888889,963.105555555555,827.738888888889,876.227777777778,953.95,718.094444444444,684.694444444445,746.238888888889,914.638888888889,671.227777777778,695.505555555555,726.572222222222,899.194444444445,939.038888888889,918.294444444444,616.95,733.694444444445,876.038888888889,628.827777777778,874.95,950.427777777778,845.238888888889,773.394444444444,938.038888888889,776.516666666667,717.194444444445,681.127777777778,820.227777777778,1081.49444444444,801.838888888889,717.494444444445
"372",938.23,1053.98,1105.64,846.19,931.85,966.5,1028.33,958.63,680.25,861.77,1038.94,691.69,999.68,849.4,914.87,653.98,953.86,727.05,997.24,943.69,928.07,878.64,878.08,989.52,1019.97,873.78,893.14,796.11,924.05,921.71,1023.34,1049.21,780.58,841.94,670.25,791.36,823.33,1086.38,880.99,1001.02,1068.57,970.24,941.91,1074.33,888.04,795.2,728.32,979.82,945.41,740.82,958.72,916.97,894.67,947.27,910.59,900.73,798.14,955.05,975.14,974.12,927.93,704.11,846.58,862.07,1023.64,890.18,634.08,893.25,877.36,814.43,921.19,668.89,950.7,1083.18,765.06,845.14,832.19,648.19,682.75,928.08,838.17,826.93,1009.77,914.14,865.1,984.4,849.04,897.54,975.25,754.3,720.89,767.54,954.5,707.45,731.73,747.86,920.5,960.34,902.22,653.17,769.94,897.34,665.05,911.17,971.73,881.46,809.62,977.9,797.83,753.44,717.35,856.45,1102.78,838.06,738.77
"373",1021.87272727273,1137.65909090909,1189.31363636363,929.859090909091,1021.08181818182,1055.76818181818,1111.96363636364,1042.26363636363,769.481818181818,945.431818181818,1122.60454545455,780.95,1083.35909090909,933.059090909091,1007.75909090909,743.240909090909,1037.52272727272,816.281818181818,1080.91363636364,1028.47727272728,1011.74090909091,967.881818181818,952.404545454546,1073.16363636364,1103.62272727273,957.459090909091,976.781818181818,878.395454545455,1013.30909090909,1014.63181818182,1107.01363636363,1132.85909090909,869.831818181818,931.181818181818,759.509090909091,875.013636363636,906.963636363636,1170.05909090909,970.259090909091,1084.66363636364,1152.24090909091,1053.90454545455,1034.85909090909,1157.98636363637,971.695454545454,884.477272727273,817.577272727273,1063.45909090909,1034.67727272728,826.690909090909,1042.35909090909,1000.63181818182,987.572727272727,1030.92272727273,999.85,984.372727272727,881.813636363637,1038.72272727273,1058.81363636363,1063.37727272727,1011.57727272727,793.377272727272,939.504545454545,945.740909090909,1107.29090909091,983.113636363636,723.331818181818,976.922727272727,961.013636363636,898.072727272727,1004.85909090909,758.159090909091,1039.96818181818,1166.85909090909,854.331818181818,928.813636363637,921.45,737.45,771.981818181818,1011.75909090909,931.077272727273,910.563636363637,1093.42272727273,999.872727272727,958.013636363636,1068.05909090909,932.713636363637,981.204545454545,1058.91363636364,843.577272727273,810.159090909091,851.213636363637,1040.13181818182,796.713636363637,820.977272727273,831.513636363636,1004.15909090909,1044.01363636363,976.559090909091,742.440909090909,859.177272727273,981.004545454545,754.281818181818,1000.44090909091,1055.38181818182,970.731818181818,898.877272727272,1063.52272727272,881.459090909091,842.677272727273,806.590909090909,945.713636363637,1186.45,927.331818181818,822.431818181818
"379",1000.00214285714,1115.77642857142,1167.42642857143,907.985,993.023571428571,1027.125,1090.08928571428,1020.40071428571,740.16,923.556428571429,1100.725,751.615,1061.475,911.177857142857,965.385,713.902142857143,1015.645,786.957142857142,1059.035,999.853571428572,989.856428571429,939.169285714285,954.540714285714,1051.29214285714,1081.74214285715,935.573571428572,954.917857142857,850.133571428571,985.540714285714,972.245,1085.13357142858,1110.98357142858,841.229285714285,901.852142857143,729.863571428572,853.145,885.104285714286,1148.175,941.977857142857,1062.79357142857,1130.35642857143,1032.025,992.457857142858,1136.11642857142,949.815,855.130714285714,788.237857142857,1041.585,1006.48642857142,797.734285714286,1020.48928571428,978.756428571429,945.193571428571,1009.05357142857,971.665,962.502142857143,859.933571428571,1016.845,1036.92642857143,1035.19357142858,989.715,764.035,897.115,923.855,1085.41928571429,940.725,693.995,955.047857142857,939.145,876.202857142858,982.983571428572,728.936428571428,1011.77642857142,1144.975,824.980714285714,906.925,892.115,707.810714285715,742.66,989.865,888.701428571429,888.687857142857,1071.55357142857,971.107857142857,915.636428571428,1046.17785714285,910.830714285715,959.326428571429,1037.04785714286,814.225,780.825,829.332142857143,1011.27357142857,767.370714285714,792.035,809.643571428571,982.280714285714,1022.13357142857,978.692142857142,713.102142857143,829.842142857143,959.127857142857,724.955714285715,971.725,1033.51785714286,942.407857142857,869.542142857143,1034.66928571429,859.592142857143,813.867857142857,777.258571428571,917.697857142857,1164.56928571428,897.987857142857,800.555
"380",823.820754716981,726.394339622641,678.369811320755,934.075471698113,995.581132075472,914.794339622641,859.21320754717,910.124528301887,1135.75660377358,918.384905660377,738.654716981132,1180.28490566038,787.964150943396,948.005660377359,941.884905660377,1136.77358490566,828.854716981132,1112.40754716981,832.5,921.839622641509,856.384905660377,977.711320754717,835.988679245283,786.5,767.922641509434,952.901886792453,899.137735849057,1032.07547169811,948.541509433962,950.67358490566,790.016981132075,766.724528301887,1040.00754716981,1025.80188679245,1234.73773584906,1016.77735849057,994.98679245283,752.5,958.884905660377,792.415094339623,775.081132075472,869.952830188679,928.67358490566,701.966037735849,892.935849056604,1065.9358490566,1099.50754716981,800.605660377359,942.479245283019,1057.29245283019,850.316981132076,838.216981132075,972.624528301887,839.781132075472,976.283018867925,863.7,927.491509433963,835.777358490566,805.452830188679,983.007547169811,863.656603773585,1117.09811320755,990.075471698113,859.301886792453,771.494339622641,950.464150943396,1184.97735849057,920.207547169811,902.871698113207,967.020754716981,924.707547169811,1198.79245283019,959.592452830189,714.964150943396,1105.50754716981,971.754716981132,1042.9358490566,1219.58113207547,1110.51886792453,877.803773584906,1012.64150943396,901.164150943396,770.581132075472,931.016981132075,985.575471698113,788.141509433962,884.342452830188,888.005660377359,811.692452830189,1087.09245283019,1141.69245283019,1010.9641509434,898.767924528302,1089.2358490566,1091.70566037736,1030.56603773585,865.48679245283,805.681132075472,813.245283018868,1159.01509433962,1084.90754716981,867.805660377358,1175.10377358491,1006.27735849057,810.803773584906,1008.59245283019,1053.55094339623,887.452830188679,987.415094339623,1066.72830188679,1148.66603773585,989.816981132076,747.394339622641,1010.78301886792,1036.68113207547
"391",530.1,649.075,700.725,476.891666666667,655.1,669.675,659,589.3,438.633333333333,492.458333333333,639.841666666667,455.8,599.241666666667,480.083333333333,566.8,412.383333333333,584.558333333333,491.133333333333,627.958333333333,619.9,558.758333333333,606.3,461.141666666667,620.2,650.658333333333,504.475,523.808333333333,472.358333333333,633.4,572.075,613.358333333333,628.775,515.891666666667,601.7,471.15,432.458333333333,464.408333333333,665.975,596.875,592.2,648.175,600.925,593.875,669.425,518.725,569.108333333333,487.2,610.483333333334,664.375,412.775,589.4,508.875,545,577.958333333333,629.575,490,428.841666666667,546.258333333333,566.341666666667,693.091666666667,519.125,468.775,496.925,456.275,568.925,532.241666666667,398.183333333333,523.958333333333,486,445.1,551.9,433,669.675,678.275,529.15,486.241666666667,609.708333333333,449.083333333333,399.933333333333,558.775,488.508333333333,444.3,640.458333333333,589.4,515.458333333333,533.983333333334,464.241666666667,528.225,605.958333333333,509.875,485,398.241666666667,627.358333333333,440.925,443.391666666667,388.358333333333,551.2,552.241666666667,485.275,417.283333333333,539.108333333333,491.541666666667,429.133333333333,638.858333333333,563.625,637.175,536.275,652.541666666667,428.5,450.483333333333,483.908333333333,581.6,682.375,581.458333333333,377.775
"392",700.923076923077,826.715384615385,849.176923076923,655.269230769231,832.823076923077,847.392307692308,836.723076923077,767.053846153846,649.123076923077,670.184615384615,817.476923076923,683.546153846154,770.053846153846,657.807692307692,744.523076923077,622.884615384615,761.269230769231,718.884615384615,805.669230769231,797.615384615385,733.623076923077,784.023076923077,627.230769230769,797.915384615385,805.592307692308,682.192307692308,701.553846153846,650.084615384615,811.115384615385,749.792307692308,787.876923076923,805.238461538462,693.615384615385,779.415384615385,697.046153846154,610.184615384615,642.123076923077,808.407692307692,774.592307692308,760.546153846154,780.315384615385,778.661538461538,771.592307692308,847.076923076923,696.453846153846,757.953846153846,664.907692307692,788.2,842.092307692308,590.492307692308,767.115384615385,679.669230769231,722.753846153846,755.684615384615,807.292307692308,660.838461538462,606.569230769231,717.069230769231,737.146153846154,870.807692307692,689.946153846154,646.492307692308,674.661538461538,627.069230769231,746.730769230769,709.969230769231,625.938461538462,701.684615384615,656.815384615385,622.846153846154,729.615384615385,660.746153846154,847.392307692308,821.138461538461,756.915384615385,663.961538461538,800.353846153846,662.130769230769,639.930769230769,736.492307692308,666.253846153846,615.107692307692,818.184615384615,767.115384615385,693.184615384615,691.569230769231,635.053846153846,701.576923076923,783.684615384615,687.592307692308,712.746153846154,575.969230769231,805.069230769231,618.653846153846,621.115384615385,566.084615384615,728.907692307692,680.230769230769,651.369230769231,645.030769230769,738.5,662.346153846154,656.884615384615,816.584615384615,721.469230769231,814.892307692308,714,830.253846153846,606.223076923077,628.2,678.069230769231,759.323076923077,793.884615384615,759.184615384615,555.492307692308
"393",593.820588235294,712.794117647059,764.464705882353,548.247058823529,726.461764705883,741.029411764706,730.361764705882,660.673529411765,537.732352941176,563.829411764706,703.567647058823,562.629411764706,662.976470588235,551.447058823529,638.161764705882,511.482352941176,655.929411764706,597.973529411765,699.311764705882,691.252941176471,630.129411764706,677.661764705882,524.864705882353,691.552941176471,693.7,575.841176470588,595.197058823529,543.729411764706,704.752941176471,643.429411764706,677.070588235294,692.505882352941,587.247058823529,673.052941176471,575.797058823529,503.817647058824,535.773529411764,729.7,668.229411764706,655.920588235294,713.276470588235,672.308823529411,665.229411764706,733.144117647058,590.079411764706,651.579411764706,558.552941176471,681.852941176471,735.741176470588,484.129411764706,660.752941176471,572.588235294118,616.361764705882,649.329411764706,700.929411764706,553.732352941176,500.217647058824,609.988235294118,630.067647058823,764.447058823529,582.838235294118,540.135294117647,568.308823529411,519.988235294118,632.644117647058,603.611764705882,505.029411764706,595.317647058823,549.720588235294,516.473529411765,623.247058823529,539.829411764706,741.029411764706,741.994117647059,636.00294117647,557.60294117647,691.573529411765,550.358823529412,523.320588235294,630.129411764706,559.885294117647,508.011764705882,711.829411764706,660.752941176471,586.817647058823,597.705882352941,527.976470588235,599.60294117647,677.317647058823,581.229411764706,591.829411764706,469.617647058824,698.717647058824,512.291176470588,514.752941176471,459.729411764706,622.552941176471,615.976470588235,548.994117647059,524.123529411765,629.711764705882,555.270588235294,535.973529411765,710.229411764706,627.338235294118,708.529411764706,607.652941176471,723.9,499.852941176471,521.852941176471,569.741176470588,652.961764705883,743.558823529412,652.829411764706,449.129411764706
"394",515.8,634.778571428571,686.435714285714,475.914285714285,654.114285714286,668.692857142857,658.014285714286,588.321428571428,470.421428571428,491.45,625.535714285714,508.864285714286,584.935714285714,479.092857142857,565.814285714285,444.15,583.55,544.214285714286,626.95,618.914285714285,553.05,605.314285714285,446.835714285714,619.214285714286,613.635714285714,503.492857142857,522.85,471.35,632.414285714285,571.078571428571,599.035714285714,614.478571428572,514.907142857143,600.714285714286,515.321428571428,431.45,463.421428571428,651.678571428572,595.864285714286,577.9,633.85,599.95,592.892857142857,655.135714285714,517.735714285714,579.221428571429,486.207142857143,609.5,663.392857142857,411.792857142857,588.414285714285,494.535714285714,544.014285714286,576.964285714286,628.578571428571,475.707142857143,427.85,531.935714285714,552.035714285714,692.107142857143,504.835714285714,467.792857142857,495.95,441.95,554.635714285714,531.25,451.25,522.95,471.7,444.121428571429,550.907142857143,486.078571428572,668.692857142857,663.978571428572,582.25,485.25,621.65,498.178571428572,461.214285714285,557.778571428571,487.521428571428,430,639.464285714286,588.414285714285,514.45,519.692857142857,449.935714285714,521.592857142857,604.95,508.892857142857,538.092857142857,397.25,626.35,439.921428571428,442.414285714285,387.35,550.214285714286,537.935714285714,470.978571428572,470.35,559.8,477.235714285714,482.214285714285,637.85,549.307142857143,636.192857142857,535.3,651.55,427.514285714286,449.5,499.35,580.614285714286,670.692857142857,580.464285714286,376.778571428571
"399",617.043333333333,740.17,781.203333333334,575.713333333333,755.674444444444,770.232222222222,759.667777777778,689.972222222222,559.534444444444,593.121111111111,730.796666666667,587.805555555555,686.283333333333,580.762222222222,667.303333333333,533.258888888889,680.967777777778,623.163333333333,728.601111111111,720.474444444445,645.65,706.874444444445,544.522222222222,721.245555555555,722.538888888889,605.138888888889,624.485555555555,572.912222222222,733.974444444445,672.625555555555,703.918888888889,718.787777777778,616.462222222222,699.807777777778,601.387777777778,533.01,564.981111111111,744.212222222222,697.423333333333,678.43,720.123333333333,701.592222222222,694.363333333333,760.514444444444,619.384444444444,671.157777777778,585.362222222222,711.153333333333,764.947777777778,513.334444444444,690.07,595.794444444444,645.576666666667,678.621111111111,730.125555555555,576.938888888889,529.501111111111,633.174444444444,653.265555555556,793.666666666667,606.051111111111,566.554444444444,597.498888888889,543.192222222222,664.021111111111,632.854444444444,530.192222222222,624.605555555555,572.841111111111,545.774444444444,652.56,565.016666666667,770.232222222222,755.921111111111,661.177777777778,586.796666666667,711.857777777778,579.827777777778,545.603333333333,659.434444444445,589.09,530.95,741.381111111111,689.974444444445,616.01,619.082222222222,550.934444444445,613.298888888889,705.932222222222,606.861111111111,617.016666666667,498.898888888889,727.774444444444,541.487777777778,543.963333333333,488.79,651.862222222222,622.006666666667,568.677777777778,549.292222222222,649.375555555556,578.465555555556,561.163333333333,739.412222222222,646.204444444444,737.732222222222,636.861111111111,753.027777777778,529.167777777778,551.061111111111,590.85,682.174444444444,743.13,682.025555555555,478.416666666667
"401",530.2,407.8,430.75,480.8875,265.4625,264.675,317.5625,368.875,517.5125,457.475,381.5,482.875,435.25,445.6625,373.775,535.3625,436.2875,440.075,348.525,310.575,470.9875,305.375,584.125,376.6,403.5,421.775,455.25,431.9625,284.5125,332.8625,437.275,429.075,429.475,353.475,507.4875,464.1625,452.375,446.2,290.975,462.075,460.1625,358.4375,356.975,428.1375,466.5875,393.6125,498.1625,363.0125,232.475,497.975,395.425,553.3625,345.4125,403.4,265.575,575.3625,519.1625,483.0625,452.7125,235.975,510.9375,510.575,411.0625,538.35,482.6125,400.45,544.8625,419.0625,502.625,486.425,396.975,553.3625,225.4125,437,433.175,444.9375,370.6125,552.4625,537.175,397.3875,402.1125,523,368.6,318.575,374.4625,513.675,514.9,487.725,402.9125,462.775,469.7125,501.075,334.375,508.675,482.8125,503.05,436.75,541.875,564.675,542.9625,423.0625,533.825,508.3875,293.2125,489.5375,336.275,381.2125,289.1125,488.575,472.9125,487.1625,325.575,462.6,346.5625,502.975
"402",430.08,308.96,355.75,374.95,157.58,162.85,215.75,267.07,415.68,353.74,293.92,376.95,335.15,343.85,271.97,433.55,338.32,338.26,241.54,208.78,364.88,201.47,481.06,278.96,311.45,319.95,335.97,330.15,182.69,231.05,337.17,335.99,327.67,249.65,413.79,362.35,350.55,347.36,189.15,361.98,360.05,256.61,255.15,329.28,350.68,287.6,396.35,262.88,130.66,396.15,285.62,453.25,243.58,300.58,163.75,467.9,417.35,382.95,352.64,128.21,410.81,408.75,309.25,434.55,382.48,298.64,443.05,317.25,397.65,380.48,295.17,444.26,122.58,338.15,325.08,343.12,264.83,454.95,435.38,293.49,300.28,417.07,269.75,216.78,272.65,413.56,408.95,383.61,299.29,360.95,362.06,399.26,232.55,406.86,381,401.25,320.86,441.75,464.57,441.15,321.25,418.44,406.58,185.36,389.45,221.89,279.44,187.32,386.76,371.08,385.35,223.78,363.75,244.75,401.15
"409",544.667796610169,426.279661016949,454.515254237288,499.145762711864,291.737288135593,290.205084745763,342.671186440678,394.554237288136,542.567796610169,472.415254237288,400.506779661017,502.516949152542,449.7,471.95593220339,401.698305084746,565.471186440678,450.181355932203,467.98813559322,361.266101694915,335.781355932203,481.813559322034,333.201694915254,595.428813559322,391.606779661017,419.65593220339,447.632203389831,461.449152542373,460.898305084746,313.110169491525,361.793220338983,451.757627118644,445.540677966102,458.005084745763,381.359322033898,521.652542372881,492.854237288136,479.952542372881,464.716949152542,319.869491525424,476.559322033898,474.620338983051,378.283050847458,378.437288135593,446.486440677966,474.250847457627,417.454237288136,525.85593220339,377.696610169492,262.249152542373,526.837288135593,405.445762711864,566.491525423729,374.359322033898,415.832203389831,294.664406779661,585.050847457627,542.81186440678,497.513559322034,467.184745762712,260.135593220339,525.384745762712,535.662711864407,440,553.864406779661,497.077966101695,429.169491525424,571.261016949153,440.316949152542,519.125423728814,504.705084745763,423.967796610169,564.222033898305,254.833898305085,455.437288135593,454.071186440678,470.723728813559,394.284745762712,563.720338983051,565.518644067797,413.528813559322,431.067796610169,541.296610169491,387.081355932203,347.545762711864,403.398305084746,528.152542372881,533.176271186441,498.471186440678,416.294915254237,490.747457627119,485.269491525424,528.272881355932,357.505084745763,537.681355932203,511.274576271186,531.45593220339,444.420338983051,556.325423728813,579.159322033898,570.086440677966,451.459322033898,541.01186440678,529.65593220339,319.501694915254,503.998305084746,351.78813559322,410.083050847458,312.274576271186,513.708474576271,501.85593220339,511.172881355932,354.545762711864,481.108474576271,375.462711864407,531.591525423729
"411",1931.16111111112,1774.63888888889,1726.61666666666,1982.31666666667,2043.82777777778,1963.03888888888,1907.46111111112,1958.37222222222,2183.98333333333,1966.62777777778,1786.87222222222,2228.52777777778,1836.20555555556,1996.26111111112,1990.12777777778,2185.01666666667,1877.08333333334,2160.65555555556,1880.73888888888,1970.07222222223,1904.62777777778,2025.96111111112,1940.18333333333,1834.73888888888,1816.16111111112,2001.15,1947.37222222222,2080.31666666666,1996.77222222223,1998.91666666666,1838.26111111112,1814.97222222222,2088.25555555556,2074.03888888889,2282.97222222222,2065.01666666667,2043.22777777777,1800.73888888888,2007.12777777778,1863.06111111111,1828.12777777778,1918.18333333333,1976.91666666666,1750.20555555556,1941.17222222222,2114.17222222223,2147.75555555556,1848.85555555556,1990.71666666666,2105.52777777778,1898.56111111111,1954.31666666667,2020.87222222222,1888.02777777778,2024.52777777778,1981.61666666666,2032.27222222223,1884.01666666667,1853.68333333333,2031.26111111112,1911.87222222222,2165.33888888888,2038.31666666667,1971.62777777778,1850.57222222223,1998.70555555556,2233.21666666666,1968.45,1951.11666666666,2015.26111111112,1972.95,2247.02777777778,2007.82777777778,1763.20555555556,2153.75555555556,2019.98333333333,2091.17222222223,2267.82777777777,2158.76111111112,1926.05555555555,2060.87222222222,2005.96111111112,1818.81666666667,1979.26111111112,2033.81666666667,1881.66111111112,1986.15,1936.26111111112,1859.93888888889,2135.32777777777,2189.93888888889,2059.21666666666,1946.99444444444,2137.47222222222,2139.95555555556,2078.80555555556,1913.72777777777,1901.72777777777,1917.46111111112,2207.26111111112,2133.15555555556,1943.68333333333,2223.36111111111,2054.51666666667,1890.49444444444,2056.82777777777,2101.78333333334,1935.68333333333,2035.66111111112,2114.96111111111,2196.91666666667,2038.06111111111,1797.18333333333,2059.02777777778,2084.91666666667
"419",1836.14814814815,1679.6037037037,1631.58518518519,1887.28518518519,1948.8,1868.0037037037,1812.44444444444,1863.35925925926,2088.97407407407,1871.5962962963,1691.86666666667,2133.4962962963,1741.17777777778,1901.22962962963,1895.0962962963,2089.98518518518,1782.07777777778,2065.62222222222,1785.71481481481,1875.05925925926,1809.5962962963,1930.94444444444,1845.17777777778,1739.71481481481,1721.14814814815,1906.11851851852,1852.36666666667,1985.28518518519,1901.76666666667,1903.88888888889,1743.22962962963,1719.95925925926,1993.22962962963,1979.02222222222,2187.96666666667,1969.98518518519,1948.2,1705.71481481481,1912.0962962963,1768.04814814815,1733.0962962963,1823.17777777778,1881.88888888889,1655.17777777778,1846.16666666667,2019.16666666667,2052.72962962963,1753.82592592593,1895.68888888889,2010.5037037037,1803.54814814815,1859.3,1925.85925925926,1793,1929.4962962963,1886.57777777778,1937.26296296296,1788.98518518519,1758.67777777778,1936.22962962963,1816.86666666667,2070.31481481481,1943.28518518519,1876.5962962963,1755.55925925926,1903.67777777778,2138.18888888889,1873.42222222222,1856.08518518519,1920.25555555556,1877.92222222222,2152.00740740741,1912.80740740741,1668.17777777778,2058.72962962963,1924.97407407407,1996.16666666667,2172.7962962963,2063.75555555556,1831.02962962963,1965.86666666667,1910.94444444444,1723.8,1884.23333333333,1938.78518518519,1786.62592592593,1891.11481481481,1841.22962962963,1764.90740740741,2040.30740740741,2094.90740740741,1964.17777777778,1851.97777777778,2042.46296296296,2044.92222222222,1983.77777777778,1818.6962962963,1806.6962962963,1822.44444444444,2112.23703703704,2038.12222222222,1848.67777777778,2128.32962962963,1959.48518518519,1795.47777777778,1961.80740740741,2006.77407407407,1840.67777777778,1940.64444444444,2019.95925925926,2101.87777777778,1943.04444444444,1702.17777777778,1963.9962962963,1989.9037037037
"421",1025.56666666667,1144.55,1196.2,979.75,1157.96666666666,1172.53333333334,1161.86666666666,1092.16666666667,974.266666666666,995.333333333333,1135.3,986.433333333334,1094.71666666666,982.95,1069.65,948.033333333334,1087.43333333333,1021.76666666667,1130.81666666667,1122.75,1061.63333333334,1109.15,956.6,1123.06666666667,1123.43333333333,1007.35,1026.69166666667,975.233333333334,1136.25,1074.93333333333,1108.81666666667,1124.25,1018.75,1104.56666666667,1001.78333333333,935.333333333333,967.266666666666,1169.75,1099.73333333333,1087.65,1163.61666666667,1103.8,1096.73333333333,1164.9,1021.575,1083.075,990.05,1113.35,1167.23333333333,915.633333333333,1092.25,1004.33333333334,1047.86666666666,1080.83333333333,1132.43333333333,985.466666666666,931.716666666666,1041.73333333333,1061.8,1195.95,1014.58333333334,971.633333333333,999.8,951.733333333334,1064.4,1035.11666666666,928.833333333333,1026.83333333333,981.466666666666,947.966666666666,1054.75,963.633333333333,1172.53333333334,1173.73333333333,1059.8,989.1,1125.49166666666,979.733333333334,965.066666666666,1061.63333333334,991.391666666667,939.766666666666,1143.33333333333,1092.25,1018.33333333334,1029.45,959.716666666666,1031.1,1108.83333333333,1012.73333333333,1015.63333333334,901.116666666667,1130.21666666666,943.783333333334,946.25,891.233333333334,1054.05,1047.71666666666,980.75,947.933333333334,1063.65,987,959.766666666666,1141.73333333333,1059.075,1140.03333333334,1039.15,1155.4,931.35,953.35,1003.21666666667,1084.46666666666,1177.21666666667,1084.33333333333,880.633333333333
"422",771.622222222222,890.588888888889,939.044444444444,725.788888888889,903.988888888889,918.588888888889,907.922222222222,838.233333333333,720.333333333333,741.377777777778,881.355555555555,735.788888888889,840.755555555556,728.988888888889,815.711111111111,694.077777777778,833.466666666667,771.144444444445,876.866666666667,868.8,807.677777777778,855.211111111111,712.566666666667,869.122222222222,869.466666666667,753.388888888889,772.744444444444,721.277777777778,882.3,820.977777777778,860.722222222222,870.288888888889,764.788888888889,850.622222222222,750.911111111111,681.377777777778,713.333333333333,906.8,845.777777777778,833.711111111111,880.211111111111,849.855555555555,842.788888888889,910.933333333333,767.633333333333,829.133333333333,736.088888888889,859.388888888889,913.288888888889,661.677777777778,838.3,750.377777777778,793.922222222222,826.877777777778,878.477777777778,731.533333333333,677.755555555556,787.777777777778,807.855555555555,941.988888888889,760.633333333333,717.688888888889,745.855555555555,697.777777777778,825.788888888889,781.166666666667,678.177777777778,772.877777777778,727.488888888889,694.033333333333,800.788888888889,712.988888888889,918.588888888889,914.122222222222,809.166666666667,735.155555555556,871.544444444444,726.611111111111,711.122222222222,807.677777777778,737.433333333333,685.8,889.377777777778,838.3,764.377777777778,777.844444444444,705.755555555556,777.155555555556,854.877777777778,758.788888888889,764.988888888889,647.166666666667,876.255555555556,689.844444444444,692.288888888889,637.277777777778,800.088888888889,779.988888888889,736.7,697.288888888889,809.688888888889,733.055555555556,709.144444444445,887.777777777778,805.133333333333,886.088888888889,785.188888888889,901.444444444444,677.422222222222,699.388888888889,749.255555555556,830.488888888889,898.388888888889,830.377777777778,626.677777777778
"423",1039.22,1158.16,1199.68,993.4,1171.62,1186.16,1175.5,1105.82,987.92,1008.94,1148.92,1009.96,1108.34,996.58,1083.32,961.64,1101.04,1045.34,1144.44,1136.4,1075.24,1122.82,977.78,1136.72,1137.04,1020.96,1040.32,988.84,1149.9,1088.54,1138.22,1137.88,1032.4,1118.22,1024.46,948.94,980.92,1169.52,1113.34,1101.32,1140.42,1117.42,1110.34,1178.52,1035.22,1096.72,1003.7,1126.98,1180.86,929.24,1105.9,1017.94,1061.52,1094.44,1146.04,999.12,945.34,1055.34,1075.42,1209.58,1028.22,985.26,1013.44,965.34,1086.98,1048.74,952.36,1040.44,995.1,961.62,1068.38,987.16,1186.16,1173.62,1083.36,1002.74,1139.12,994.34,978.72,1075.24,1005.02,953.4,1156.94,1105.9,1031.94,1040.46,973.34,1044.74,1122.44,1026.36,1039.16,914.74,1143.84,957.42,959.9,904.84,1067.7,1036.92,1001.92,971.46,1077.28,1000.64,983.34,1155.34,1072.72,1153.66,1052.78,1169.04,945.02,966.96,1016.84,1098.12,1154.02,1097.94,894.24
"429",916.065957446809,1035.04255319149,1075.50638297872,870.253191489362,1048.46170212766,1063.03404255319,1052.36595744681,982.670212765957,864.546808510638,885.81914893617,1025.79361702128,890.036170212766,985.204255319149,873.457446808511,960.165957446809,838.287234042553,977.908510638298,925.382978723404,1021.29787234043,1013.26170212766,952.117021276596,999.665957446809,853.297872340426,1013.56382978723,1013.9085106383,897.83829787234,917.174468085106,865.706382978723,1026.76170212766,965.412765957447,1013.10212765957,1016.59787234043,909.253191489362,995.063829787234,904.176595744681,825.810638297872,857.765957446809,1036.83404255319,990.221276595745,978.165957446809,1016.38723404255,994.291489361702,987.234042553191,1055.37446808511,912.078723404255,973.58085106383,880.548936170213,1003.85106382979,1057.74042553191,806.125531914894,982.759574468085,894.81914893617,938.370212765957,971.31914893617,1022.91276595745,875.970212765957,822.204255319149,932.206382978723,952.293617021277,1086.45531914894,905.078723404255,862.140425531915,890.291489361702,842.221276595745,966.036170212766,925.602127659575,832.425531914894,917.310638297872,871.961702127659,838.470212765957,945.253191489362,867.242553191489,1063.03404255319,1048.81063829787,963.412765957447,879.591489361702,1015.97659574468,871,855.565957446809,952.127659574468,881.874468085106,830.259574468085,1033.81914893617,982.759574468085,908.810638297872,916.710638297872,850.204255319149,921.591489361702,999.308510638298,903.236170212766,919.242553191489,791.602127659575,1020.70425531915,834.282978723404,836.753191489362,781.706382978723,944.548936170213,910.582978723404,877.451063829787,851.521276595745,954.025531914894,877.491489361702,863.382978723404,1032.20638297872,949.58085106383,1030.53191489362,929.657446808511,1045.8914893617,821.865957446808,843.851063829787,893.704255319149,974.961702127659,1030.4170212766,974.81914893617,771.114893617021
"441",1289.64,1408.62,1455.76,1243.82,1422.02,1436.61,1425.92,1356.24,1238.36,1259.4,1399.38,1250.5,1358.78,1247.02,1333.74,1212.08,1351.48,1285.86,1394.88,1386.84,1325.68,1373.24,1245.68,1387.14,1387.48,1271.42,1290.76,1239.28,1400.34,1339,1379.5,1388.32,1282.82,1368.64,1265.86,1199.38,1231.36,1414.51,1363.78,1351.74,1385.41,1367.88,1360.82,1428.96,1285.66,1347.16,1254.12,1377.42,1431.32,1179.71,1356.34,1268.4,1311.96,1344.9,1396.5,1249.56,1195.78,1305.78,1325.88,1460.02,1278.66,1235.72,1263.88,1215.78,1355.78,1299.18,1192.88,1290.88,1245.52,1212.06,1318.82,1227.71,1436.61,1427.28,1323.88,1253.18,1389.56,1243.78,1229.14,1325.71,1255.46,1203.84,1407.4,1356.34,1282.38,1301.52,1223.78,1295.18,1372.88,1276.82,1279.71,1165.18,1394.28,1207.86,1210.32,1155.28,1318.12,1283.48,1269.82,1211.98,1327.72,1251.06,1223.86,1405.78,1323.16,1404.11,1303.22,1419.46,1195.42,1217.42,1267.28,1348.52,1399,1348.4,1144.68
"451",1049.53333333333,1165.33333333333,1217,957.533333333333,1028.23333333333,1062.93333333333,1139.63333333333,1069.96666666667,776.666666666667,973.133333333333,1150.3,788.133333333333,1111.03333333333,960.733333333333,989.133333333333,750.433333333333,1065.23333333333,823.466666666667,1108.6,1035.63333333333,1039.43333333333,975.033333333333,1026.8,1100.83333333333,1131.33333333333,985.133333333333,1004.5,884.433333333333,1020.5,996.033333333333,1134.73333333333,1160.53333333333,877.033333333333,925.766666666667,766.7,902.733333333333,934.666666666667,1197.73333333333,977.433333333333,1112.33333333333,1179.93333333333,1081.6,1016.23333333333,1185.7,999.4,879.066666666667,824.733333333333,1091.13333333333,1041.83333333333,833.9,1070.03333333333,1028.33333333333,968.933333333333,1058.63333333333,1007.03333333333,1012.06666666667,909.5,1066.43333333333,1086.5,1051.7,1039.3,800.533333333333,920.9,973.433333333333,1135,964.5,730.533333333333,1004.63333333333,988.733333333333,925.766666666667,1032.53333333333,765.333333333333,1047.13333333333,1194.53333333333,861.5,956.5,915.466666666667,744.633333333333,779.166666666667,1039.43333333333,912.466666666667,938.233333333333,1121.13333333333,1006.33333333333,939.433333333333,1095.73333333333,960.433333333333,1008.9,1086.63333333333,850.733333333333,817.333333333333,878.933333333333,1047.33333333333,803.9,828.133333333333,859.233333333333,1031.83333333333,1071.73333333333,1050.93333333333,749.633333333333,866.333333333333,1008.7,761.466666666667,1007.63333333333,1083.1,964.766666666667,906.033333333333,1070.7,909.133333333333,849.833333333333,813.766666666667,952.9,1214.13333333333,934.5,850.133333333333
"452",872.495,988.235,1039.915,780.45,851.185,885.835,962.565,892.905,599.605,796.035,973.205,611.035,933.935,783.64,812.05,573.325,888.125,646.405,931.525,858.565,862.335,797.985,849.705,923.785,954.225,808.035,827.405,707.335,843.405,818.925,957.615,983.45,699.925,757.255,586.765,725.625,757.605,1020.635,800.335,935.285,1002.835,904.515,839.125,1008.605,822.305,710.515,647.64,914.05,864.735,656.805,892.985,851.235,791.875,881.535,829.925,834.995,732.415,889.325,909.405,900.645,862.205,623.435,743.805,796.335,957.905,787.405,553.425,827.525,811.625,748.695,855.45,589.275,870.035,1017.435,684.405,779.405,746.975,564.695,602.105,862.335,735.405,761.185,944.035,829.285,762.325,918.64,783.325,831.815,909.525,673.635,640.235,701.825,870.225,626.805,651.05,682.125,854.75,894.615,873.835,572.525,689.25,831.615,584.405,830.525,906.005,796.255,728.95,893.615,732.065,672.75,636.695,775.805,1037.035,757.415,673.035
"459",988.834848484849,1104.59545454546,1156.25909090909,896.807575757576,965.040909090909,1001.20151515151,1078.93333333333,1009.24090909091,715.940909090909,912.374242424243,1089.55606060606,727.374242424243,1050.28939393939,900.004545454545,928.413636363636,689.668181818182,1004.46818181819,762.740909090909,1047.86515151516,973.948484848485,978.677272727273,913.342424242424,966.05,1040.12424242424,1070.56515151515,924.386363636364,943.74696969697,823.680303030303,958.765151515152,935.268181818182,1073.96515151515,1099.81060606061,816.268181818182,868.3,702.95303030303,841.968181818182,873.940909090909,1136.99848484849,915.698484848485,1051.62424242424,1119.17727272728,1020.85606060607,955.477272727273,1124.9409090909,938.640909090909,821.560606060606,764.004545454545,1030.41060606061,980.113636363636,773.137878787879,1009.32727272727,967.574242424242,908.227272727273,997.874242424243,945.295454545455,951.334848484849,848.762121212121,1005.66818181819,1025.75606060607,1004.87272727273,978.54696969697,739.795454545455,860.140909090909,912.680303030303,1074.24696969697,903.75606060606,669.768181818182,943.871212121212,927.968181818182,865.037878787879,971.807575757576,704.534848484848,987.237878787879,1133.78636363636,799.307575757576,895.75606060606,857.666666666667,680.886363636364,718.440909090909,978.683333333333,851.740909090909,877.528787878788,1060.37424242425,944.645454545455,878.665151515151,1035.00454545454,899.665151515151,948.159090909091,1025.87121212121,789.980303030303,756.583333333333,818.165151515151,985.580303030303,743.140909090909,767.413636363636,798.468181818182,971.113636363636,1010.96515151515,990.183333333333,688.871212121212,805.610606060606,947.962121212121,700.740909090909,936.534848484848,1022.34696969697,906.957575757576,845.307575757576,1008.97727272728,848.430303030303,789.110606060606,753.037878787879,891.159090909091,1153.38030303031,872.780303030303,789.374242424243
"460",603.709848484849,474.946212121212,426.923484848485,682.625,744.137121212121,663.343181818182,607.774242424243,658.688636363637,884.306818181818,666.937121212121,487.205303030303,928.835606060606,536.511363636364,696.564393939394,690.437121212121,885.323484848485,577.405303030303,860.96893939394,581.052272727272,670.393181818182,604.937121212121,726.274242424243,623.735606060606,535.050757575758,516.485606060606,701.455303030303,647.696212121212,780.625,697.093181818182,699.226515151515,538.575,515.285606060606,788.564393939394,774.352272727273,983.296212121212,765.323484848485,743.535606060606,501.050757575758,707.437121212121,563.378787878788,541.778030303031,618.506818181818,677.226515151515,450.512878787879,641.497727272728,814.497727272728,848.064393939394,549.164393939394,691.026515151515,805.844696969697,598.878787878788,625.964393939394,721.188636363637,588.338636363637,724.837121212121,651.441666666666,732.593181818182,584.323484848485,554.006818181818,731.564393939394,612.202272727273,865.658333333334,738.625,671.937121212121,548.738636363636,699.014393939394,933.526515151515,668.764393939394,651.425,715.587121212121,673.264393939394,947.346212121212,708.146212121212,463.511363636364,854.064393939394,720.306818181818,791.497727272728,968.138636363636,859.087121212121,626.359848484848,761.196212121212,706.274242424243,519.134090909091,679.57803030303,734.125,567.390151515152,686.455303030303,636.565909090909,560.246212121212,835.646212121212,890.244696969697,759.514393939394,647.315151515151,837.797727272727,840.261363636364,779.117424242424,614.035606060606,586.065909090909,601.001515151515,907.57803030303,833.46893939394,644.006818181818,923.664393939394,754.823484848485,590.815151515151,757.146212121212,802.106818181818,636.006818181818,735.975757575757,815.284090909091,897.214393939394,738.377272727273,496.015909090909,759.337121212121,785.238636363636
"471",471.4,566.066666666667,617.666666666667,379.4,341.5,401.033333333333,433.5,397.033333333333,202,394.966666666667,550.966666666667,153.933333333333,532.9,382.6,340.533333333333,175.7,487.033333333333,189.266666666667,447.333333333333,373.733333333333,461.266666666667,313.133333333333,448.6,503.1,534.166666666667,384.566666666667,426.3,309.766666666667,358.533333333333,349.266666666667,545.033333333333,563.466666666667,263.733333333333,256.733333333333,116.4,305.533333333333,337.5,600.633333333333,315.5,534.2,582.833333333333,404.333333333333,373.433333333333,586.366666666667,421.2,210.033333333333,242.7,491.266666666667,379.933333333333,259.2,445,450.133333333333,303.866666666667,480.466666666667,345.133333333333,433.9,331.3,488.233333333333,508.3,395.733333333333,461.1,219,328.933333333333,395.266666666667,556.8,348.233333333333,148.5,402.8,410.533333333333,347.6,363.733333333333,124.766666666667,415.533333333333,595.266666666667,191.933333333333,345.666666666667,245.2,93.2333333333333,204.5,439.166666666667,292.533333333333,360.1,521.833333333333,344.433333333333,311.033333333333,517.6,382.2,430.7,508.433333333333,216.533333333333,166.233333333333,305,385.333333333333,229.2,253.5,289.1,453.7,493.5,472.766666666667,154.633333333333,230.633333333333,430.5,162.3,318.866666666667,504.9,294.433333333333,252.733333333333,408.733333333333,331,275.2,182.466666666667,290.933333333333,617.033333333333,272.533333333333,285.266666666667
"472",536.214705882353,651.991176470588,703.632352941177,444.197058823529,510.311764705882,544.982352941176,612.505882352941,556.620588235294,264.582352941176,459.761764705882,636.932352941177,266.082352941176,597.697058823529,447.408823529412,475.841176470588,238.305882352941,551.85,305.517647058824,595.238235294117,517.711764705882,526.061764705883,457.111764705882,513.432352941177,587.514705882353,617.95,471.791176470589,491.120588235294,372.317647058824,502.517647058824,481.570588235294,621.338235294118,647.202941176471,362.2,417.035294117647,240.955882352942,387.120588235294,419.085294117647,684.39705882353,459.458823529412,599.014705882353,666.561764705883,562.632352941177,502.470588235294,672.326470588235,486.026470588235,370.323529411765,312.670588235294,577.808823529411,523.894117647059,321.776470588235,556.711764705883,514.955882352941,451.288235294118,545.255882352942,489.064705882353,498.720588235294,396.138235294118,553.05,573.132352941177,559.017647058824,525.920588235294,288.458823529412,410.164705882353,460.055882352941,621.620588235294,453.776470588235,216.970588235294,491.255882352942,475.355882352942,412.414705882353,519.202941176471,241.947058823529,529.176470588235,681.197058823529,339.835294117647,440.89705882353,406.652941176471,218.89705882353,267.082352941176,526.085294117647,399.364705882353,424.908823529412,607.755882352942,488.411764705882,426.535294117647,582.40294117647,447.038235294117,495.532352941177,573.25,332.770588235294,295.688235294118,366.044117647059,529.347058823529,291.788235294118,316.064705882353,347.373529411764,518.508823529412,558.338235294118,537.585294117647,236.817647058824,348.405882352941,495.326470588235,247.941176470588,488.776470588235,569.726470588236,455.929411764706,388.105882352941,552.729411764706,395.811764705882,337.770588235294,295.811764705882,434.923529411765,700.779411764706,416.535294117647,339.244117647058
"473",693.953846153846,809.730769230769,861.376923076923,601.946153846154,676.507692307692,711.192307692308,784.053846153846,714.361538461539,424.915384615385,617.5,794.684615384615,436.376923076923,755.430769230769,605.146153846154,647.784615384615,398.669230769231,709.6,471.730769230769,752.984615384615,686.230769230769,683.8,623.307692307692,671.184615384615,745.253846153846,775.7,629.530769230769,648.869230769231,535.276923076923,673.261538461538,654.646153846154,779.1,804.946153846154,525.269230769231,586.615384615385,414.930769230769,547.1,579.061538461538,842.130769230769,625.676923076923,756.753846153846,824.3,725.976923076923,674.853846153846,830.069230769231,643.769230769231,539.9,473.007692307692,735.530769230769,690.1,484.030769230769,714.446153846154,672.707692307692,627.6,703,655.276923076923,656.453846153846,553.9,710.8,730.876923076923,718.807692307692,683.661538461538,448.8,579.515384615385,617.8,779.369230769231,623.123076923077,378.769230769231,649,633.1,570.161538461538,676.946153846154,413.592307692308,695.392307692308,838.930769230769,509.761538461538,600.876923076923,576.876923076923,392.876923076923,427.415384615385,683.823076923077,571.107692307692,582.646153846154,765.5,656.838461538462,598.046153846154,740.146153846154,604.8,653.276923076923,731,498.992307692308,465.592307692308,523.292307692308,697.561538461538,452.138461538462,476.407692307692,503.6,676.238461538462,716.1,695.330769230769,397.869230769231,514.6,653.076923076923,409.730769230769,655.869230769231,727.461538461538,626.169230769231,554.307692307692,720.953846153846,553.553846153846,498.1,462.023076923077,601.130769230769,858.523076923077,582.769230769231,494.5
"479",574.343548387097,690.103225806452,741.776612903226,482.314516129032,545.966129032258,580.941935483871,633.238709677419,593.696774193548,308.566129032258,497.885483870968,675.073387096774,302.322580645161,635.806451612903,485.517741935484,513.574193548387,282.301612903226,589.982258064516,340.741935483871,632.514516129032,553.190322580645,564.190322580645,493.858064516129,551.573387096774,625.625806451613,656.08064516129,509.904838709677,529.261290322581,417.043548387097,538.706451612903,521.55,659.477419354839,685.314516129032,401.356451612903,452.885483870968,273.886290322581,420.127419354839,452.091935483871,722.504838709677,495.840322580645,637.125806451613,704.688709677419,589.206451612903,542.895161290323,710.461290322581,524.159677419355,406.170967741935,356.637096774194,615.914516129032,560.358064516129,365.851612903226,594.83064516129,553.090322580645,489.177419354839,583.387096774194,525.543548387097,536.843548387097,434.279032258064,591.182258064516,611.276612903226,592.982258064516,564.066129032258,332.424193548387,456.725806451613,498.190322580645,659.764516129032,500.339516129032,259.122580645161,529.38064516129,513.482258064516,450.540322580645,556.329032258065,277.390322580645,566.137096774194,719.306451612903,376.009677419355,473.920161290322,442.511290322581,251.815322580645,311.064516129032,564.198387096774,438.71935483871,463.029032258064,645.888709677419,523.83064516129,466.046774193548,620.51935483871,485.179032258064,533.670161290323,611.38064516129,367.995967741935,331.948387096774,405.341935483871,564.648387096774,335.777419354839,360.035483870968,388.185483870968,556.612903225806,596.477419354839,575.704838709677,276.503225806452,383.609677419355,533.473387096774,287.214516129032,524.924193548387,607.859677419355,493.138709677419,423.367741935484,588.047580645161,433.925806451613,382.364516129032,331.037096774194,471.611290322581,738.895967741935,451.695161290323,379.804838709677
"481",873.54,794.12,807.06,804.56,598.38,592.48,645.38,696.72,785.74,783.96,760.56,720.08,778.56,773.46,701.62,813.56,776.66,730.94,677.2,638.44,800.28,633.24,917.56,722.42,754.86,749.62,766.62,759.76,612.34,660.66,780.62,808.64,757.32,681.32,714.26,791.96,780.18,832.5,618.78,805.44,803.46,686.26,684.8,814.46,782.56,715.7,787.16,706.34,560.32,825.8,719.68,896.66,673.24,737.18,593.38,902.84,846.96,826.36,796.06,556.52,854.26,777.58,738.86,864.16,825.96,728.26,786.34,746.86,827.26,810.14,724.82,762.6,553.24,823.32,697.62,772.76,696.46,728.88,842.34,723.3,729.96,846.74,754.88,646.44,702.26,857.02,838.62,819.76,740.36,758.18,696.18,828.92,662.16,821.44,805.52,830.86,752.72,885.16,908.04,792.46,744.22,850.46,751.44,626.16,832.86,637.4,709.06,616.96,816.42,800.74,746.74,653.44,848.9,674.38,830.78
"482",844.375,758.25,809.85,778.125,534.15,595.725,648.625,681.975,652.175,757.55,743.15,586.55,781.75,747,675.175,688.375,779.9,597.375,680.45,641.65,785.55,583.475,900.275,725.65,758.075,723.175,740.175,689.375,615.55,634.2,783.85,787.35,650.775,602.775,580.675,738.425,726.675,796.65,600.425,808.65,806.7,686.6,658.375,778.55,767.775,582.175,653.625,709.55,563.55,712.175,718.025,855.175,646.775,740.45,596.625,885.575,783,794.2,799.25,520.675,823.675,644.05,695.175,846.925,829.15,701.775,661.15,720.425,800.825,764.875,698.375,637.425,545.7,787.45,564.075,719.175,562.925,603.725,717.15,708.55,672.725,811.775,719.025,629.375,675.825,860.25,812.175,793.275,743.575,624.675,562.675,756.7,665.075,707.65,671.975,740.775,737.975,874.7,887.2,667.3,610.675,823.975,617.875,576.325,828.875,559.175,624.875,620.15,762.875,693.675,613.175,626.975,813.025,617.975,736.975
"483",1076.53333333333,997.116666666667,1010.08333333333,1007.58333333333,801.4,795.516666666667,848.4,899.716666666667,930.416666666667,987,963.55,864.783333333333,981.55,976.483333333333,904.633333333333,958.266666666667,979.683333333333,875.616666666667,880.216666666667,841.433333333333,1003.28333333333,836.216666666667,1120.55,925.416666666667,957.883333333333,952.616666666667,969.616666666667,962.783333333333,815.333333333333,863.683333333333,983.616666666667,1011.63333333333,953.416666666667,882.083333333333,858.916666666667,994.983333333333,983.216666666667,1035.51666666667,821.783333333333,1008.43333333333,1006.5,889.233333333333,887.8,1017.43333333333,985.533333333333,860.4,931.866666666667,909.333333333333,763.316666666667,1014.78333333333,922.716666666667,1099.68333333333,876.233333333333,940.216666666667,796.4,1105.83333333333,1049.98333333333,1029.38333333333,999.05,759.516666666667,1057.23333333333,922.283333333333,941.883333333333,1067.18333333333,1028.93333333333,931.25,931.016666666667,949.883333333333,1030.28333333333,1013.13333333333,927.816666666667,907.3,756.233333333333,1026.31666666667,842.3,975.733333333333,841.183333333333,873.566666666667,987.016666666667,926.3,932.933333333333,1049.73333333333,957.9,849.433333333333,905.283333333333,1060.01666666667,1041.61666666667,1022.73333333333,943.383333333333,902.883333333333,840.883333333333,1030.73333333333,865.2,966.116666666667,950.2,1029.73333333333,955.716666666667,1088.18333333333,1111.01666666667,937.166666666667,888.9,1053.45,896.116666666667,829.15,1035.88333333333,838.216666666667,908.883333333333,819.933333333333,1019.41666666667,996.75,891.416666666667,856.433333333333,1051.91666666667,877.4,1029
"484",697.794736842105,578.773684210526,615.463157894737,620.968421052632,414.778947368421,408.878947368421,461.778947368421,513.105263157895,600.284210526316,600.368421052632,554.973684210526,534.642105263158,602.826315789474,589.868421052632,518.026315789474,628.131578947368,597.878947368421,544.252631578947,493.584210526316,454.826315789474,616.868421052632,449.626315789474,733.947368421053,545.078947368421,574.047368421053,565.984210526316,582.984210526316,576.168421052632,428.742105263158,477.068421052632,604.889473684211,601,570.821052631579,497.678947368421,528.805263157895,608.368421052632,596.578947368421,617.173684210526,435.173684210526,629.68947368421,627.726315789474,502.647368421053,501.178947368421,599.131578947368,598.947368421053,522.410526315789,601.584210526316,530.594736842105,376.678947368421,636.915789473684,536.078947368421,720.936842105263,489.636842105263,553.457894736842,409.778947368421,719.226315789474,663.357894736842,650.626315789474,620.31052631579,372.910526315789,678.510526315789,593.415789473684,555.268421052632,680.573684210526,650.205263157895,544.652631578947,600.889473684211,563.268421052632,643.668421052632,626.536842105263,541.215789473684,577.142105263158,369.636842105263,607.973684210526,513.7,589.147368421053,501.210526315789,543.436842105263,654.152631578947,539.678947368421,546.342105263158,663.126315789474,539.557894736842,462.826315789474,518.668421052632,681.263157894737,654.978947368421,636.147368421053,566.2,571.584210526316,510.742105263158,645.305263157895,478.573684210526,631.115789473684,611.710526315789,647.263157894737,569.110526315789,709.436842105263,732.289473684211,607.026315789474,550.957894736842,666.847368421053,565.984210526316,442.547368421053,657.115789473684,453.863157894737,525.447368421053,433.347368421053,632.784210526316,614.18947368421,561.284210526316,469.826315789474,633.568421052631,490.773684210526,647.173684210526
"485",1224.05,1104.5,1117.5,1173.1,961.8,961,1013.9,1065.25,1196.35,1152.5,1070.95,1130.7,1129.05,1142,1070.15,1224.2,1131.1,1141.55,1045.7,1006.95,1169.5,1001.75,1281.25,1069.6,1094.65,1118.1,1159.75,1128.25,980.85,1029.2,1131.15,1119.05,1125.85,1049.8,1124.85,1160.5,1148.7,1142.9,987.3,1155.95,1154,1054.75,1053.3,1124.85,1169.55,1089.95,1194.5,1056.85,928.8,1194.3,1095.65,1247.2,1041.75,1100.4,961.9,1274.45,1215.45,1176.85,1146.55,932.35,1204.75,1188.2,1107.35,1232.7,1176.45,1096.75,1196.95,1115.35,1195.75,1178.65,1093.35,1173.2,921.75,1133.7,1108.25,1141.25,1066.95,1139.5,1252.95,1091.8,1098.45,1215.25,1065.3,1014.95,1070.75,1207.5,1207.1,1185.35,1098.7,1168.8,1106.8,1197.4,1030.7,1205,1179.15,1199.35,1139.75,1235.7,1258.55,1203.1,1119.35,1236.55,1162.05,989.55,1183.35,1032.6,1077.55,985.45,1184.9,1169.25,1157.35,1021.95,1159.3,1042.9,1199.3
"486",910.042857142857,794.292857142857,857.521428571428,840.157142857143,622.192857142857,628.978571428572,681.871428571429,733.2,710.307142857143,819.564285714286,777.921428571429,644.632142857143,815.05,809.057142857143,737.242857142857,738.114285714286,813.15,655.514285714286,713.692857142857,674.921428571429,836.764285714286,659.721428571429,951.014285714286,758.885714285714,791.35,785.2,802.2,781.828571428571,648.85,696.257142857143,817.135714285714,822.371428571429,719.642857142857,665.628571428571,638.814285714286,819.571428571429,807.792857142857,832.678571428571,655.264285714286,841.921428571429,839.957142857143,722.75,720.392857142857,814.642857142857,819.05,640.257142857143,711.721428571429,742.835714285714,596.8,770.314285714286,756.171428571429,931.185714285714,708.857142857143,773.671428571429,629.871428571429,936.307142857143,847.992857142857,862.85,832.55,586.942857142857,890.75,702.132142857143,767.885714285714,897.621428571429,862.45,763.857142857143,710.907142857143,782.457142857143,862.857142857143,838.95,760.428571428571,687.142857142857,589.75,823.485714285714,622.178571428572,800.371428571429,621.035714285714,653.435714285714,766.907142857143,759.785714285714,754.842857142857,870.85,755.057142857143,682.921428571429,737.857142857143,893.507142857143,874.2,855.357142857143,776.85,682.75,620.75,818.221428571429,698.657142857143,745.992857142857,730.078571428571,806.15,789.2,921.657142857143,944.535714285714,717.021428571428,668.778571428571,886.057142857143,676.014285714286,647.007142857143,869.35,621.957142857143,688.985714285714,653.45,844.014285714286,754.942857142857,671.307142857143,689.028571428571,849.078571428571,699.457142857143,803.1
"487",1099.4,1019.9,1032.9,1030.4,824.2,818.3,871.2,922.5,1011.6,1009.8,986.4,945.9,1004.4,999.3,927.5,1039.4,1002.5,956.8,903,864.3,1026.1,859.1,1143.4,948.2,980.7,975.4,992.4,985.6,838.2,886.5,1006.5,1034.5,983.2,907.1,940.1,1017.8,1006,1058.3,844.6,1031.3,1029.3,912.1,910.6,1040.3,1008.4,941.5,1013,932.2,786.1,1051.6,945.5,1122.5,899.1,963,819.2,1128.7,1072.8,1052.2,1021.9,782.3,1080.1,1003.4,964.7,1090,1051.8,954.1,1012.2,972.7,1053.1,1036,950.7,988.4,779.1,1049.1,923.5,998.6,922.3,954.7,1068.2,949.1,955.8,1072.6,980.7,872.3,928.1,1082.8,1064.4,1045.6,966.2,984,922,1054.8,888,1047.3,1031.3,1056.7,978.5,1111,1133.9,1018.3,970,1076.3,977.3,852,1058.7,863.2,934.9,842.8,1042.2,1026.6,972.6,879.3,1074.7,900.2,1056.6
"488",957.3875,877.95,890.9375,888.4375,682.2375,676.3375,729.2375,780.5625,869.5875,867.8375,844.425,803.9375,862.4375,857.3375,785.475,897.4375,860.5375,814.7875,761.05,722.275,884.1375,717.075,1001.425,806.25,838.7375,833.45,850.45,843.6375,696.2125,744.5375,864.475,892.475,841.1625,765.15,798.1125,875.8375,864.05,916.35,702.6375,889.275,887.3375,770.125,768.6375,898.3125,866.4125,799.55,871.0375,790.175,644.15,909.6375,803.55,980.5375,757.0875,821.05,677.2375,986.675,930.8375,910.2375,879.925,640.3625,938.125,861.4375,822.7375,948.0375,909.8125,812.1375,870.175,830.7375,911.1375,893.975,808.6625,846.45,637.0875,907.15,781.45,856.625,780.3375,812.7375,926.175,807.1375,813.8125,930.575,838.7375,730.275,786.1375,940.8625,922.45,903.625,824.2375,842.05,780.05,912.75,746.0375,905.275,889.3625,914.725,836.5625,969.0375,991.8625,876.3375,828.0625,934.325,835.2875,710.025,916.725,721.25,792.925,700.825,900.25,884.5875,830.5875,737.275,932.75,758.2375,914.6375
"489",852.36076923077,743.016666666667,762.986410256411,794.389487179487,584.435897435897,586.160256410256,638.21,688.491538461539,783.497692307693,772.388461538461,713.072051282051,726.484102564102,759.208974358975,764.338717948718,694.009487179487,809.818461538462,759.09,721.178974358974,666.836153846153,632.028974358975,789.076153846153,623.295641025641,902.511025641026,701.118717948718,729.24076923077,740.731538461539,765.68641025641,748.221794871795,606.73,653.185384615384,761.266923076923,760.013589743589,737.909743589744,666.864102564103,728.514871794872,781.894102564102,769.939743589744,781.424871794871,611.900769230769,786.067948717949,784.128461538461,677.408974358975,676.221794871795,763.358205128205,779.365897435898,690.462564102564,777.658461538462,686.978461538461,554.684871794871,803.575897435897,711.719230769231,874.448974358975,665.746666666667,723.882307692307,587.385897435898,891.791282051282,832.555897435897,805.044358974359,776.699230769231,551.445384615384,833.008461538461,775.662307692308,729.986410256411,853.675641025641,806.585897435898,720.326410256411,791.86,736.692564102564,816.680256410256,798.432820512821,716.154615384615,773.21358974359,546.76717948718,772.217692307692,696.47358974359,761.676666666667,669.075897435897,747.647948717948,828.981282051282,712.981282051282,719.544871794871,835.618717948718,703.745384615385,639.609487179487,694.783333333334,837.636153846154,828.418205128205,805.118205128206,725.382307692307,746.932820512821,705.230512820513,814.114871794872,655.556666666667,800.833333333333,780.063076923077,813.922051282051,749.533589743589,864.623846153846,887.095641025641,796.142307692308,719.460512820513,846.036666666667,756.211794871795,613.305641025641,812.951538461538,635.421538461538,693.565641025641,610.322307692308,804.553076923076,779.927179487179,746.993076923077,645.934615384616,797.81358974359,663.921282051282,813.299487179487
"491",1184.76,1028.24,980.22,1236.47,1285.68,1206.74,1158.36,1209.04,1435.38,1218.04,1040.47,1476.93,1089.79,1247.66,1241.03,1436.43,1130.67,1411.55,1131.64,1220.96,1158.23,1276.86,1193.77,1088.34,1069.76,1252.56,1198.77,1331.73,1247.66,1249.82,1091.85,1068.56,1339.66,1324.95,1530.12,1316.43,1294.64,1054.34,1258.03,1116.66,1081.73,1169.07,1227.82,1003.79,1194.17,1365.06,1399.16,1100.26,1231,1356.95,1149.92,1207.94,1271.76,1139.45,1266.38,1235.19,1286.23,1137.62,1107.27,1270.65,1165.47,1416.75,1289.73,1225.23,1104.16,1250.06,1484.63,1219.28,1204.71,1266.67,1224.31,1498.45,1249.02,1016.79,1404.65,1271.38,1342.06,1519.25,1410.17,1177.41,1312.27,1259.56,1072.44,1230.15,1285.18,1135.25,1239.75,1189.85,1113.54,1386.75,1440.84,1310.61,1197.89,1388.87,1391.36,1330.21,1166.5,1155.33,1171.06,1458.66,1384.11,1197.27,1474.76,1305.42,1144.09,1307.74,1352.68,1186.57,1287.07,1366.37,1448.3,1288.96,1050.77,1309.94,1336.35
"499",1234.74210526316,1078.25789473684,1030.23684210526,1246.22631578947,1232.27894736842,1171.25263157895,1144.02105263158,1193.06315789474,1421.86315789474,1207.46842105263,1081.22105263158,1434.94210526316,1139.76842105263,1237.1,1226.66842105263,1425.85263157895,1148.61052631579,1388.22105263158,1117.29473684211,1204.29473684211,1187.86315789474,1253.53684210526,1243.82631578947,1091.75263157895,1109.91052631579,1241.98947368421,1188.23157894737,1319.13157894737,1228.22631578947,1232.77368421053,1141.82631578947,1118.61052631579,1326.53157894737,1301.60526315789,1477.48947368421,1305.85263157895,1284.06315789474,1104.37368421053,1235.14736842105,1166.63684210526,1131.75263157895,1154.74736842105,1213.45789473684,1053.83684210526,1195.51052631579,1341.74736842105,1386.51052631579,1089.69473684211,1179.31052631579,1346.38421052632,1139,1257.87894736842,1254.24736842105,1128.88421052632,1218.78947368421,1285.16315789474,1294.62105263158,1187.56842105263,1157.25789473684,1208.69473684211,1215.45789473684,1403.83684210526,1278.24210526316,1275.17894736842,1154.21578947368,1239.13157894737,1469.92631578947,1204.42105263158,1232.87368421053,1256.12105263158,1213.37894736842,1482.57894736842,1193.41578947368,1066.83684210526,1381.32105263158,1260.83684210526,1318.74736842105,1499.55263157895,1399.62105263158,1166.48421052632,1299.16315789474,1285.47368421053,1085.60526315789,1213.41052631579,1271.65789473684,1185.28947368421,1275.49473684211,1203.63157894737,1120.31052631579,1372.88947368421,1417.5,1300.05263157895,1183.55263157895,1378.32631578947,1378.31578947368,1319.64736842105,1166.04210526316,1205.34736842105,1221.10526315789,1445.24210526316,1362.22631578947,1247.25789473684,1458.66842105263,1277.78421052632,1194.05789473684,1284.38947368421,1329.35789473684,1170.58947368421,1276.50526315789,1354.13684210526,1432.48947368421,1266.48947368421,1100.82631578947,1287.43684210526,1325.76842105263
"500",1294.21428571429,1413.18571428571,1425.82857142857,1248.40714285714,1426.60714285714,1441.17142857143,1430.51428571429,1360.81428571429,1242.92142857143,1263.95,1403.92857142857,1281.35714285714,1363.34285714286,1251.59285714286,1338.31428571429,1216.64285714286,1356.04285714286,1316.71428571429,1399.43571428571,1391.41428571429,1330.25,1377.81428571429,1215.73571428571,1391.70714285714,1392.04285714286,1275.98571428571,1295.32857142857,1243.84285714286,1404.91428571429,1343.55,1381.65,1400.18571428571,1287.40714285714,1373.20714285714,1294.52857142857,1203.94285714286,1235.92142857143,1384.58571428571,1368.35714285714,1356.31428571429,1355.48571428571,1372.42857142857,1365.37142857143,1433.52857142857,1290.22142857143,1351.72142857143,1258.68571428571,1382.00714285714,1435.87857142857,1184.26428571429,1360.91428571429,1272.95,1316.52142857143,1349.45,1401.05,1254.12142857143,1200.34285714286,1310.34285714286,1330.42857142857,1464.59285714286,1283.22142857143,1240.27857142857,1268.42857142857,1220.35714285714,1325.84285714286,1303.74285714286,1223.74285714286,1295.44285714286,1250.10714285714,1216.62142857143,1323.40714285714,1258.57142857143,1441.17142857143,1397.34285714286,1354.73571428571,1257.73571428571,1394.12142857143,1252.35714285714,1233.71428571429,1330.26428571429,1260.02857142857,1208.41428571429,1411.95,1360.91428571429,1286.94285714286,1271.59285714286,1228.34285714286,1299.73571428571,1377.44285714286,1281.37142857143,1310.57142857143,1169.74285714286,1398.84285714286,1212.42857142857,1214.90714285714,1159.84285714286,1322.68571428571,1253.55,1239.87857142857,1242.84285714286,1332.3,1255.63571428571,1254.71428571429,1410.34285714286,1327.72142857143,1408.67142857143,1307.8,1424.03571428571,1200.01428571429,1222.00714285714,1271.84285714286,1353.10714285714,1369.07142857143,1352.95,1149.25
"511",1033.09411764706,1150.95882352941,1202.6,943.164705882353,1110.97647058824,1125.54117647059,1125.27647058824,1055.58235294118,842.388235294118,958.723529411765,1135.89411764706,853.835294117647,1096.64705882353,946.370588235294,1021.07647058824,816.129411764706,1050.81764705882,889.188235294118,1094.21176470588,1075.77647058824,1025.02352941176,1058.07647058824,963.647058823529,1086.47647058824,1116.91764705882,970.752941176471,990.094117647059,928.223529411765,1089.27647058824,1027.92352941176,1120.31764705882,1146.17058823529,966.764705882353,1004.08235294118,832.394117647059,888.317647058823,920.282352941176,1183.35882352941,1052.72352941176,1097.97647058824,1165.52352941176,1067.2,1048.12352941176,1171.28823529412,984.988235294118,957.358823529412,890.470588235294,1076.76470588235,1120.25294117647,868.629411764706,1055.68235294118,1011.83529411765,1000.88235294118,1044.22352941176,1085.42352941176,995.441176470588,895.1,1052.02352941176,1072.1,1148.96470588235,1024.88823529412,866.258823529412,952.8,957.070588235294,1120.58823529412,996.405882352941,796.235294117647,990.223529411765,974.317647058824,911.382352941176,1018.17058823529,831.047058823529,1125.54117647059,1180.14705882353,927.205882352941,942.094117647059,994.335294117647,810.335294117647,836.388235294118,1025.04117647059,944.388235294118,923.882352941176,1106.72352941176,1045.27647058824,971.317647058824,1076.78823529412,946.017647058824,994.5,1072.22352941176,916.441176470588,883.047058823529,864.517647058824,1083.40588235294,874.841176470588,895.058823529412,844.817647058823,1017.46470588235,1055.23529411765,987.794117647059,815.335294117647,932.070588235294,992.352941176471,827.188235294118,1090.61764705882,1066.6,1081.05882352941,981.276470588235,1106.8,894.776470588235,906.370588235294,879.488235294118,1037.47058823529,1199.36470588235,1010.13529411765,835.723529411765
"512",1098.21428571429,1213.95714285714,1265.62142857143,1006.17857142857,1173.99285714286,1188.55,1188.30714285714,1118.61428571429,917.135714285714,1021.75,1198.92142857143,928.564285714286,1159.67142857143,1009.37857142857,1084.1,890.846428571429,1113.82857142857,963.935714285714,1157.22142857143,1138.80714285714,1088.04285714286,1125.21428571429,1028.72142857143,1149.49285714286,1179.92142857143,1033.77142857143,1053.12142857143,991.242857142857,1152.30714285714,1090.95,1183.32142857143,1209.17142857143,1034.77857142857,1078.81428571429,907.142857142857,951.328571428571,983.314285714286,1246.35714285714,1115.75,1160.99285714286,1228.54285714286,1130.22142857143,1111.15714285714,1234.32142857143,1048.02142857143,1032.09285714285,965.192857142857,1139.77857142857,1183.27142857143,931.65,1118.71428571429,1076.95,1063.92142857143,1107.25,1148.45,1060.71428571429,958.121428571429,1115.03571428571,1135.12142857143,1211.98571428571,1087.92142857143,940.985714285714,1015.82142857143,1022.04285714286,1183.62142857143,1059.42142857143,870.960714285715,1053.24285714286,1037.32857142857,974.421428571429,1081.17142857143,905.771428571428,1188.55,1243.17142857143,1001.94285714286,1005.12142857143,1069.07142857143,885.064285714286,905.071428571428,1088.05,1007.42142857143,986.907142857143,1169.75,1108.30714285714,1034.32857142857,1144.38571428571,1009.02142857143,1057.52142857143,1135.24285714286,991.178571428572,957.771428571428,927.521428571428,1146.42142857143,950.628571428571,962.278571428571,907.828571428571,1080.48571428571,1120.32142857143,1052.85714285714,890.060714285715,1006.8,1057.32142857143,901.935714285714,1157.74285714286,1131.72142857143,1156.05,1050.37142857143,1169.82142857143,957.807142857143,969.378571428571,954.235714285714,1100.49285714286,1262.75714285714,1088.32142857143,898.742857142857
"513",963.111764705882,1089.77647058824,1141.43529411765,912.335294117647,1089.3,1103.88235294118,1094.45294117647,1024.77058823529,858.117647058824,927.917647058824,1078.82941176471,869.564705882353,1035.04117647059,915.535294117647,999.382352941176,831.864705882353,1020.01764705882,904.911764705882,1063.40588235294,1054.10588235294,994.217647058824,1040.50588235294,894.129411764706,1055.64705882353,1064.87058823529,939.929411764706,959.276470588235,906.570588235294,1067.60588235294,1006.27058823529,1049.02352941176,1065.68823529412,950.082352941176,1017.53529411765,848.323529411765,866.670588235294,898.617647058824,1102.87647058824,1031.07058823529,1027.73529411765,1085.06470588235,1036.38823529412,1026.45882352941,1110.13529411765,954.182352941177,973.076470588235,905.252941176471,1045.92941176471,1098.58235294118,846.982352941176,1024.84705882353,941.858823529412,979.223529411765,1013.41764705882,1063.77058823529,923,864.305882352941,981.8,1001.87058823529,1127.28823529412,954.647058823529,881.735294117647,931.147058823529,890.247058823529,1005.78235294118,967.1,811.964705882353,959.417647058824,920.176470588235,880.558823529412,987.335294117647,846.770588235294,1103.88235294118,1118.97647058824,942.947058823529,920.452941176471,1010.06470588235,826.252941176471,838.429411764706,994.223529411765,922.729411764706,876.5,1075.91764705882,1023.60588235294,949.670588235294,966.988235294118,896.964705882353,963.7,1041.41764705882,928.317647058823,898.770588235294,833.717647058824,1059.81176470588,875.135294117647,877.582352941176,820.935294117647,986.629411764706,985.241176470588,918.288235294118,831.058823529412,947.776470588235,925.517647058824,842.911764705882,1073.07058823529,996.611764705882,1071.38235294118,970.488235294118,1085.13529411765,863.952941176471,884.688235294118,895.211764705882,1015.79411764706,1140.85882352941,1015.67058823529,811.658823529412
"519",924.530813953489,1042.27325581396,1093.9273255814,835.98488372093,986.83023255814,1009.35174418604,1018.09941860465,948.406976744186,731.267441860465,851.553488372093,1027.43430232558,742.710465116279,987.610465116279,839.182558139534,914.312209302326,705.00523255814,943.650581395348,778.05523255814,987.040116279069,968.517441860465,917.85523255814,934.238372093023,861.204069767442,979.294186046511,1008.70058139535,863.572093023256,882.917441860465,821.077325581395,974.112790697674,921.11976744186,1010.14825581395,1035.26279069767,839.583139534884,893.10988372093,725.860465116279,781.512209302326,813.470930232558,1072.4488372093,935.625,987.880813953489,1054.63313953488,960.030813953489,941.381395348837,1062.62034883721,877.82034883721,846.214534883721,779.468023255814,969.587209302326,998.730813953488,761.595348837209,948.498837209303,903.280232558139,894.06976744186,937.05465116279,963.913372093023,886.099418604652,787.943604651163,941.937790697674,962.018023255814,1027.44011627907,914.80523255814,755.39476744186,845.995930232559,848.96453488372,1006.54651162791,889.314534883721,685.102906976744,883.050581395348,865.708139534883,804.206976744186,910.98488372093,719.918604651163,1004.0226744186,1071.47209302326,816.081395348837,835.29476744186,883.197093023256,703.791279069768,724.909302325581,917.863953488373,837.580232558139,815.660465116279,999.55465116279,938.181395348837,864.512209302326,965.155813953488,837.706395348838,887.32965116279,965.049418604651,805.372093023256,771.905232558139,757.342441860465,976.350581395349,761.890697674419,777.356395348837,737.991279069768,910.283720930232,946.669186046512,885.347674418605,704.205232558139,820.928488372093,884.244767441861,716.067441860465,966.788372093023,958.041279069767,951.621511627907,863.081976744186,999.806395348837,787.598255813954,792.199418604651,768.356395348837,918.206976744186,1091.16860465116,896.888953488372,728.843023255814
"531",2001.43333333333,1844.87777777778,1796.84444444444,2052.54444444444,2114.04444444444,2033.27777777778,1977.73333333333,2028.63333333333,2254.24444444444,2036.85555555556,1857.14444444444,2298.75555555556,1906.44444444444,2066.52222222222,2060.35555555556,2255.24444444444,1947.34444444444,2230.92222222222,1951,2040.34444444444,1974.85555555556,2096.23333333333,2021,1905,1886.43333333333,2071.38888888889,2017.64444444444,2150.54444444444,2067.03333333333,2069.14444444444,1908.53333333333,1885.23333333333,2158.52222222222,2144.3,2353.23333333333,2135.24444444444,2113.46666666667,1871,2077.35555555556,1933.33333333333,1898.35555555556,1988.44444444444,2047.14444444444,1820.44444444444,2011.43333333333,2184.44444444444,2218.02222222222,1919.12222222222,2060.94444444444,2175.77777777778,1968.83333333333,2022.82222222222,2091.13333333333,1958.25555555556,2094.75555555556,2048.91111111111,2102.53333333333,1954.24444444444,1923.94444444444,2101.52222222222,1982.14444444444,2235.58888888889,2108.54444444444,2041.85555555556,1936.77777777778,2068.94444444444,2303.44444444444,2038.72222222222,2021.34444444444,2085.53333333333,2043.22222222222,2317.27777777778,2078.06666666667,1833.44444444444,2224.02222222222,2090.24444444444,2161.44444444444,2338.04444444444,2229.03333333333,1996.33333333333,2131.14444444444,2076.23333333333,1889.05555555556,2049.53333333333,2104.04444444444,1959.58888888889,2056.4,2006.52222222222,1930.16666666667,2205.57777777778,2260.16666666667,2129.44444444444,2017.24444444444,2207.73333333333,2210.21111111111,2149.04444444444,1983.95555555556,1980.68888888889,1998.28888888889,2277.53333333333,2203.42222222222,2013.94444444444,2293.63333333333,2124.74444444444,1960.74444444444,2127.07777777778,2172.04444444444,2005.94444444444,2105.93333333333,2185.23333333333,2267.14444444444,2108.33333333333,1867.44444444444,2129.25555555556,2155.16666666667
"532",1903.36666666667,1746.83333333333,1698.83333333333,1954.53333333333,2016.03333333333,1935.23333333333,1879.66666666667,1930.6,2156.2,1938.83333333333,1759.1,2200.73333333333,1808.43333333333,1968.46666666667,1962.33333333333,2157.23333333333,1849.3,2132.83333333333,1852.93333333333,1942.3,1876.83333333333,1998.16666666667,1912.4,1806.93333333333,1788.36666666667,1973.33333333333,1919.6,2052.53333333333,1969,1971.13333333333,1810.46666666667,1787.2,2060.46666666667,2046.23333333333,2255.2,2037.23333333333,2015.43333333333,1772.93333333333,1979.33333333333,1835.26666666667,1800.33333333333,1890.4,1949.13333333333,1722.43333333333,1913.4,2086.4,2119.96666666667,1821.06666666667,1962.93333333333,2077.73333333333,1870.76666666667,1926.53333333333,1993.1,1860.23333333333,1996.73333333333,1953.83333333333,2004.5,1856.23333333333,1825.9,2003.46666666667,1884.1,2137.53333333333,2010.53333333333,1943.83333333333,1822.8,1970.93333333333,2205.43333333333,1940.66666666667,1923.33333333333,1987.5,1945.16666666667,2219.23333333333,1980.03333333333,1735.43333333333,2125.96666666667,1992.2,2063.4,2240.03333333333,2131,1898.23333333333,2033.1,1978.16666666667,1791.03333333333,1951.46666666667,2006.03333333333,1853.83333333333,1958.33333333333,1908.46666666667,1832.13333333333,2107.53333333333,2162.13333333333,2031.43333333333,1919.23333333333,2109.7,2112.16666666667,2051.03333333333,1885.93333333333,1873.93333333333,1889.66666666667,2179.46666666667,2105.33333333333,1915.9,2195.53333333333,2026.73333333333,1862.73333333333,2029.03333333333,2074,1907.9,2007.86666666667,2087.2,2169.1,2010.26666666667,1769.4,2031.23333333333,2057.13333333333
"539",1845.17407407407,1703.22962962963,1655.2037037037,1910.91111111111,1972.41851851852,1891.63333333333,1836.06296296296,1886.97777777778,2112.58518518519,1895.21851851852,1715.48518518519,2157.11851851852,1764.8,1924.85925925926,1918.71851851852,2113.60740740741,1805.68888888889,2089.25925925926,1809.34814814815,1898.68518518519,1833.21851851852,1954.56296296296,1860.96666666667,1763.34814814815,1744.77037037037,1929.75185185185,1875.98518518519,2008.91111111111,1925.38148148148,1927.50740740741,1766.87037037037,1743.58148148148,2016.85925925926,2002.64074074074,2211.58148148148,1993.6037037037,1971.81851851852,1729.34814814815,1935.71851851852,1791.67037037037,1761.68148148148,1846.78888888889,1905.50740740741,1678.8,1869.78148148148,2042.78148148148,2076.35925925926,1777.45925925926,1919.30740740741,2034.13333333333,1827.17037037037,1867.16296296296,1949.47407407407,1816.61851851852,1953.11851851852,1893.23333333333,1960.88148148148,1812.6037037037,1782.28888888889,1959.85925925926,1840.48518518519,2093.94814814815,1966.91111111111,1900.21851851852,1781.10740740741,1927.3,2161.8037037037,1897.05555555556,1879.7037037037,1943.87777777778,1901.55555555556,2175.62962962963,1936.43333333333,1691.8,2082.35925925926,1948.58518518519,2019.78148148148,2196.42222222222,2087.37777777778,1854.65925925926,1989.48518518519,1934.56296296296,1747.41851851852,1907.87037037037,1962.41111111111,1803.90740740741,1914.75185185185,1864.85925925926,1788.53333333333,2063.93333333333,2118.53333333333,1987.8,1875.58888888889,2066.08518518519,2068.55555555556,2007.4,1842.31851851852,1823.03333333333,1838.24444444444,2135.87037037037,2061.75925925926,1872.28888888889,2151.95925925926,1983.1037037037,1819.08888888889,1985.43333333333,2030.38888888889,1864.28888888889,1964.27037037037,2043.57777777778,2125.4962962963,1966.67037037037,1724.17407407407,1987.61851851852,2013.51481481481
"540",769.265454545455,891.469090909091,943.116363636364,703.536363636364,875.743636363636,890.318181818182,885.641818181818,815.950909090909,636.269090909091,719.107272727273,879.634545454546,647.776363636363,838.036363636364,706.736363636364,786.425454545454,610.013636363636,811.195454545454,683.121818181819,854.581818181818,840.54,785.403636363636,826.943636363637,703.474545454545,846.841818181818,864.700909090909,731.128181818182,750.463636363636,692.995454545455,854.041818181818,792.709090909091,854.02,873.636363636364,736.534545454545,798.158181818182,661.329090909091,653.101818181818,685.049090909091,910.825454545454,817.507272727273,832.401818181818,893.563636363636,827.572727272727,813.5,911.807272727273,745.36,751.338181818182,685.030909090909,837.132727272727,885.026363636364,633.418181818182,816.041818181818,748.023636363637,765.649090909091,804.607272727273,850.209090909091,730.16,655.48,786.453636363636,806.534545454545,913.734545454545,759.318181818182,662.423636363636,717.576363636364,694.54,825.867272727273,757.74,590.161818181818,750.6,720.083636363636,671.749090909091,778.536363636364,624.985454545455,890.318181818182,920.67,721.145454545455,706.88,788.167272727273,639.272727272727,619.151818181818,785.42,709.161818181818,674.929090909091,867.107272727273,810.04,736.101818181818,789.303636363637,695.352727272727,754.870909090909,832.6,709.063636363636,676.985454545455,624.883636363636,848.314545454546,661.563636363636,664.034545454545,609.415454545455,777.832727272727,791.394545454546,727.622727272727,609.26090909091,725.929090909091,729.810909090909,621.121818181819,859.495454545455,802.774545454545,857.818181818182,756.934545454546,872.156363636363,655.141818181818,671.134545454546,672.774545454545,802.243636363636,928.289090909091,802.109090909091,599.741818181818
"551",403.8125,550.4,534.1625,418.0625,648.575,660.7875,617.9125,555.375,480.9,458.55,541.1625,525.45,524.575,446.175,532.875,481.9375,504.15,533.275,582.575,613.375,479.15,599.775,341.1,543.8125,529.2875,470.5625,489.8875,465.8375,626.875,565.55,489.9875,508.5125,509.375,595.175,561.4875,425.9375,457.875,492.9125,590.35,458.675,463.8125,567.025,559.95,570.725,470.8875,573.7,480.675,559.3125,657.8625,406.25,555.475,388.325,538.475,544.05,623.05,361.3375,403.2,467.5,488.45,686.575,441.475,462.25,490.4,366.925,434.175,498.3375,491.5625,490.05,413.475,414.15,517.9625,525.55,663.15,505.675,588.025,479.725,616.0875,546.35,455.675,524.85,481.9875,371.775,558.8875,582.875,508.9375,404.7125,391.7375,442.0125,548.725,503.35,549.85,391.7375,593.425,434.3875,436.875,381.8375,517.2625,385.6875,363.175,500.2625,554.2625,419.0125,514.25,632.3375,427.525,630.65,529.7625,640.425,421.975,443.9625,493.8375,575.075,477.3875,574.95,371.25
"559",435.53203125,554.65390625,538.41171875,499.29375,731.96796875,677.48203125,621.82578125,629.59921875,609.53125,532.81171875,545.41171875,654.059375,528.38828125,527.96875,623.61796875,610.553125,526.48359375,661.9078125,586.53359375,675.31328125,511.95546875,692.20390625,391.8421875,548.07421875,533.53359375,553.70859375,577.60078125,583.12421875,697.83203125,652.29609375,494.23828125,512.76328125,624.91015625,702.94453125,701.64140625,543.896875,561.3171875,497.15390625,679.13828125,475.31484375,468.05234375,625.52109375,644.37109375,574.99765625,533.43515625,693.9359375,609.2859375,563.56484375,704.43984375,534.2515625,603.61640625,436.40390625,644.47109375,582.22578125,708.06328125,423.90078125,491.14296875,488.59765625,499.47265625,743.40859375,468.31015625,590.8796875,593.60078125,434.63359375,450.81484375,581.47578125,635.75859375,580.65703125,477.353125,500.5328125,606.37109375,665.6953125,719.98671875,509.92265625,709.85546875,568.63828125,722.62578125,686.48515625,584.3125,598.12265625,597.54140625,461.475,563.13984375,661.58515625,617.77109375,431.82734375,462.99609375,504.70234375,552.36484375,631.5484375,678.4703125,509.69609375,653.11796875,563.01953125,565.4890625,509.7609375,561.13046875,417.38203125,411.27421875,631.5171875,669.81484375,484.31953125,647.278125,723.29296875,454.66640625,723.06953125,645.31484375,649.51328125,528.3828125,571.81484375,622.4453125,677.93359375,481.64453125,681.98828125,500.028125
"560",958.208695652174,809.104347826087,761.086956521739,1016.79130434783,1078.3,997.504347826087,941.939130434783,992.852173913043,1218.47391304348,1001.09565217391,821.373913043478,1262.99565217391,870.686956521739,1030.72608695652,1024.59565217391,1219.48695652174,911.569565217391,1195.13043478261,915.208695652174,1004.56956521739,939.095652173913,1060.43913043478,970.434782608696,869.208695652174,850.64347826087,1035.61304347826,981.860869565217,1114.79130434783,1031.26956521739,1033.38695652174,872.739130434783,849.452173913044,1122.72608695652,1108.51304347826,1317.4652173913,1099.48695652174,1077.69130434783,835.213043478261,1041.59565217391,897.539130434783,865.75652173913,952.678260869565,1011.38695652174,784.686956521739,975.65652173913,1148.65652173913,1182.22608695652,883.321739130435,1025.19130434783,1140.00434782609,933.039130434783,980.930434782609,1055.35217391304,922.495652173913,1058.99565217391,1007.6652173913,1066.76956521739,918.486956521739,888.178260869565,1065.72608695652,946.373913043478,1199.81304347826,1072.79130434783,1006.09565217391,885.273913043478,1033.18695652174,1267.69130434783,1002.93043478261,985.591304347826,1049.75217391304,1007.43043478261,1281.50434782609,1042.3,797.686956521739,1188.22608695652,1054.47826086957,1125.65652173913,1302.3,1193.24782608696,960.530434782609,1095.36086956522,1040.43913043478,853.295652173913,1013.73913043478,1068.29130434783,912.560869565217,1020.61304347826,970.726086956522,894.4,1169.8,1224.40434782609,1093.68695652174,981.486956521739,1171.9652173913,1174.43043478261,1113.28260869565,948.195652173913,932.195652173913,947.695652173913,1241.73913043478,1167.63043478261,978.178260869565,1257.82608695652,1088.98695652174,924.986956521739,1091.3,1136.27391304348,970.178260869565,1070.13913043478,1149.45217391304,1231.38260869565,1072.53913043478,831.265217391304,1093.49565217391,1119.4
