"County","AlamanceCounty","AlexanderCounty","AlleghanyCounty","AnsonCounty","AsheCounty","AveryCounty","BeaufortCounty","BertieCounty","BladenCounty","BrunswickCounty","BuncombeCounty","BurkeCounty","CabarrusCounty","CaldwellCounty","CamdenCounty","CarteretCounty","CaswellCounty","CatawbaCounty","ChathamCounty","CherokeeCounty","ChowanCounty","ClayCounty","ClevelandCounty","ColumbusCounty","CravenCounty","CumberlandCounty","CurrituckCounty","DareCounty","DavidsonCounty","DavieCounty","DuplinCounty","DurhamCounty","EdgecombeCounty","ForsythCounty","FranklinCounty","GastonCounty","GatesCounty","GrahamCounty","GranvilleCounty","GreeneCounty","GuilfordCounty","HalifaxCounty","HarnettCounty","HaywoodCounty","HendersonCounty","HertfordCounty","HokeCounty","HydeCounty","IredellCounty","JacksonCounty","JohnstonCounty","JonesCounty","LeeCounty","LenoirCounty","LincolnCounty","McDowellCounty","MaconCounty","MadisonCounty","MartinCounty","MecklenburgCounty","MitchellCounty","MontgomeryCounty","MooreCounty","NashCounty","NewHanoverCounty","NorthamptonCounty","OnslowCounty","OrangeCounty","PamlicoCounty","PasquotankCounty","PenderCounty","PerquimansCounty","PersonCounty","PittCounty","PolkCounty","RandolphCounty","RichmondCounty","RobesonCounty","RockinghamCounty","RowanCounty","RutherfordCounty","SampsonCounty","ScotlandCounty","StanlyCounty","StokesCounty","SurryCounty","SwainCounty","TransylvaniaCounty","TyrrellCounty","UnionCounty","VanceCounty","WakeCounty","WarrenCounty","WashingtonCounty","WataugaCounty","WayneCounty","WilkesCounty","WilsonCounty","YadkinCounty","YanceyCounty"
"AlamanceCounty",10.7,112.7,122.1,115.5,136.5,162.6,167.2,167.1,132.2,215.2,192.7,137.2,92.3,136.5,215.6,200.4,35.8,115.3,35.7,299.4,182.6,292.4,158.2,159.7,166.5,88.9,226.9,243.1,52.6,71.6,135.1,32.4,109.6,51.3,72.3,129.6,178.1,292.3,60.5,125.6,26.9,115.6,81.6,218.2,211.2,161.5,94,224.1,95.9,243.6,82.2,157,48.7,132.1,121.3,161.6,261.1,216.9,140.4,113.4,188.7,73.7,71.6,92.6,185.4,130.7,181.2,22.7,187.4,207.1,164,192.2,37.5,135.2,192.6,44.9,101.4,127,40,76.4,171.3,122.3,99,81.4,76.3,89.7,255.8,224.6,206.4,130.8,70.6,53.3,89.8,174.1,137.3,109.3,105.3,99.4,77.9,193
"AlexanderCounty",112.7,8.3,57.7,110.7,51.5,71.3,277.9,277.8,212.6,257.8,96.6,41.1,64.3,21.9,326.2,311,136.1,19.2,131.9,203.2,293.3,196.3,59,218.7,277.1,185.8,337.6,353.8,64,44.7,245.7,143.1,220.3,65.6,183,50.2,288.8,196.2,171.2,236.3,86.4,226.3,176.5,122.1,114.4,272.2,156.4,334.8,25.2,147.5,192.9,267.7,148.1,242.7,36.2,65.5,165,120.8,251.1,62.3,92.6,99.2,137,203.3,263,241.4,291.9,133.4,298.1,317.8,274.6,302.9,156.7,245.9,96.8,92.5,136.5,181,103,50.7,75.2,232.9,157.2,82.3,86.1,67.9,159.6,128.5,317.1,84.7,181.3,164,200.5,284.8,52.3,220,26.9,210.1,50.3,96.8
"AlleghanyCounty",122.1,57.7,7.9,152.4,29.2,80,287.3,287.2,238.6,299.4,135.4,108.1,105.9,68.2,335.7,320.5,145.5,86.3,141.4,242,302.7,235.1,126.1,260.3,286.6,195.2,347.1,363.2,93.3,68.7,255.2,152.5,229.8,75.1,192.5,120.1,298.3,234.9,180.7,245.7,95.9,235.8,186,160.9,153.8,281.6,191.8,344.2,66.8,186.2,202.4,277.2,157.5,252.2,99.4,104.2,203.8,135.7,260.5,104,100.9,136.1,172.4,212.8,305.5,250.9,301.4,142.8,307.6,327.3,284.1,312.4,166.1,255.4,163.9,118.7,183,222.6,101.2,92.3,142.3,242.4,196.9,124,80.3,54.6,198.4,167.3,326.5,126.3,190.7,173.4,209.9,294.2,54.7,229.4,31.6,219.6,42.7,105.2
"AnsonCounty",115.5,110.7,152.4,11.9,160,167.3,226.5,241.2,101.9,147.1,183,127.4,54.7,126.8,289.7,226.7,146.8,109.8,109.8,277.7,256.7,270.8,103.7,108,215.7,83.4,301,317.2,70.2,83.5,144.9,129.2,183.8,97,158.9,76.8,262.8,270.6,153.6,176.8,101.9,197.5,107.7,196.6,159.9,244.2,61.9,283.4,86.9,221.9,136.3,206.3,79.7,169.2,80.6,151.9,239.5,200.8,214.5,50.4,178.9,48.1,56.4,166.7,152.3,215.4,191,120.1,236.6,281.3,167.2,266.3,152.1,194.5,139.9,80.4,25.8,70.3,133.6,63,127,118.3,46.5,31.8,121.4,121.9,234.1,182.7,280.5,28.8,163.7,117.9,182.3,248.2,157.3,146.5,128.9,162.8,101.7,183.2
"AsheCounty",136.5,51.5,29.2,160,10.6,55.8,301.7,301.5,252.9,307.1,111.2,75.2,113.5,57.2,350,334.8,159.9,71.9,155.7,217.8,317.1,210.9,111.7,268,300.9,209.6,361.4,377.5,107.6,83,269.5,166.9,244.1,89.4,206.8,102.9,312.6,210.8,195,260,110.2,250.1,200.3,136.7,129.7,296,206.1,358.6,74.5,162.1,216.7,291.5,171.9,266.5,88.8,80.1,179.6,111.6,274.9,111.6,76.8,150.4,186.7,227.1,319.9,265.2,315.7,157.1,321.9,341.6,298.4,326.7,180.4,269.7,127.6,133,197.4,230.3,126.8,100,107,256.7,211.2,131.6,109.9,81.5,174.2,143.1,340.9,134,205.1,187.8,224.3,308.6,30.6,243.8,37.9,233.9,66.1,81
"AveryCounty",162.6,71.3,80,167.3,55.8,8.1,327.7,327.6,269.2,314.3,65.2,40.3,116.9,51.3,376.1,360.9,185.9,63.8,181.8,171.8,343.1,164.9,75.1,275.2,327,235.6,387.5,403.6,128.4,109.1,295.6,192.9,270.2,115.5,232.9,91.1,338.7,164.7,221.1,286.1,136.3,276.2,226.4,90.7,82.9,322.1,220.8,384.6,89.5,116,242.8,317.6,197.9,292.6,77,34,133.6,65.5,301,113.4,30.8,163.5,201.4,253.2,319.5,291.3,341.8,183.2,348,367.7,324.5,352.8,206.5,295.8,81.6,159.1,193,237.6,152.9,115.1,61,282.8,213.8,148.4,136,109.8,128.2,97.1,366.9,140.3,231.1,213.8,250.4,334.6,25.5,269.9,64,260,92.2,35
"BeaufortCounty",167.2,277.9,287.3,226.5,301.7,327.7,15.9,53.1,149.5,166,357.9,302.4,239.1,301.7,92.7,82.4,176.1,280.5,155.3,464.5,61.6,457.6,299.1,176,48.5,140.9,104.1,110.3,208.3,236.7,97.3,136.2,57.5,216.5,103.1,272.3,91.3,457.5,138.6,55.3,192,98,135.5,383.4,355.3,72.2,164.8,60.5,261.1,408.8,96,68.2,156.8,64.2,277,326.8,426.3,382,35,256.1,353.9,204.6,179.7,76.4,132.2,101.3,83,149.3,54.4,84.3,124.1,69.4,163.6,35.1,335.3,190.6,203.4,175.6,218.7,232.1,322.4,118.2,182.7,225.8,241.5,254.9,420.9,389.8,73.7,255.2,129.2,116.7,116.9,41.4,302.5,79.8,270.5,68.9,243.1,358.1
"BertieCounty",167.1,277.8,287.2,241.2,301.5,327.6,53.1,14,171.9,200.3,357.8,302.2,247.4,301.6,64.9,114.1,176,280.4,163.6,464.4,31.9,457.5,307.4,198.3,80.2,150.9,76.3,103.1,216.6,236.6,122.2,136.3,59.1,216.4,104.7,280.5,39.7,457.3,140.2,79.2,191.9,71.9,145.5,383.3,363.6,20.6,174.8,89.1,261,408.6,106,99.9,165.1,89.1,285.2,326.7,426.2,381.9,25.3,264.4,353.8,212.9,188,78,170.4,57.9,114.7,157.6,86.1,56.5,149,41.6,163.5,58.6,343.6,198.8,215.8,185.6,218.5,240.4,330.7,140.6,192.7,234.1,241.4,254.8,420.8,389.7,66.4,269.9,130.7,125,93.1,32.5,302.4,102.2,270.4,76.5,243,358
"BladenCounty",132.2,212.6,238.6,101.9,252.9,269.2,149.5,171.9,15.3,59.8,284.9,229.3,156.6,228.6,220.4,129,167.3,211.6,111.2,379.6,187.4,371.9,207.4,30.7,123.9,43,231.8,247.9,145.5,170.9,59.5,127.1,144,167.7,135.8,178.7,194.3,372.5,145.6,95.7,143.3,157.7,66.8,298.5,261.7,174.9,53,206.4,188.8,323.8,87.1,96,78.7,89.3,182.5,253.7,341.4,302.7,145.3,152.3,280.8,108.6,78.3,127.7,54.5,175.6,93.4,136.5,144.9,212,58.2,197.1,154.9,116.4,241.8,127.8,83.3,35.4,169.9,163.2,228.8,38.3,64.8,132,192.8,206.1,336,284.5,211.2,130.7,148.2,107.8,162.8,178.9,253.7,72.4,221.8,98.2,194.4,285.1
"BrunswickCounty",215.2,257.8,299.4,147.1,307.1,314.3,166,200.3,59.8,16.7,330,274.5,201.7,273.8,248.7,123.9,224.6,256.8,166.1,424.7,215.8,405.6,250.7,41.4,121.8,97.9,260.1,276.3,208.1,233.4,85.9,184.4,183.6,222.6,184.2,223.9,223.1,417.6,202.9,133.3,198.1,197.4,121.7,343.6,306.9,203.7,100.9,222.9,233.9,369,136.4,118.5,133.5,113.3,227.6,298.9,386.5,347.9,173.6,197.4,326,171.1,139,167.4,36,215.3,91.5,193.8,142.8,240.3,50.8,225.4,212.2,142.3,286.9,190.4,128.4,84.5,224.8,208.4,274,93.3,109.9,177.2,247.6,261,381.1,329.7,239.6,175.8,205.5,165.1,220.1,207.3,304.3,122.9,275.9,148.6,249.2,330.2
"BuncombeCounty",192.7,96.6,135.4,183,111.2,65.2,357.9,357.8,284.9,330,13.2,58.4,132.6,73,406.3,391.1,216.1,79.5,212,108.4,373.3,101.5,84.4,290.9,357.2,265.8,417.6,433.8,144,124.8,325.8,223.1,300.4,145.6,263.1,106.8,368.9,101.3,251.3,316.3,166.5,306.3,256.6,27.3,25.3,352.2,236.5,414.8,105.2,52.6,273,347.8,228.1,322.8,92.7,34.4,70.2,24.3,331.1,129.1,53.8,179.2,217.1,283.3,335.2,321.5,372,213.4,378.2,397.9,354.7,383,236.7,326,42.1,172.5,208.7,253.2,183,130.7,46.3,313,229.5,164.1,166.2,154.4,64.8,38.8,397.1,155.9,261.3,244,280.5,364.8,80.9,300,108.6,290.2,136.9,37.6
"BurkeCounty",137.2,41.1,108.1,127.4,75.2,40.3,302.4,302.2,229.3,274.5,58.4,11.7,77,19.9,350.7,335.5,160.6,24,156.4,165,317.8,158.1,43,235.4,301.6,210.3,362.1,378.3,88.5,69.2,270.2,167.6,244.8,90.1,207.5,51.2,313.3,157.9,195.7,260.7,110.9,250.8,201,83.9,76.2,296.7,180.9,359.3,49.7,109.3,217.4,292.2,172.6,267.2,37.2,27.3,126.8,82.5,275.6,73.5,54.4,123.7,161.5,227.8,279.7,265.9,316.4,157.9,322.6,342.3,299.1,327.4,181.1,270.4,58.6,116.9,153.1,197.7,127.5,75.2,37,257.4,173.9,108.5,110.6,98.9,121.4,90.3,341.6,100.4,205.8,188.5,225,309.3,48.5,244.5,55.4,234.6,81.3,58.6
"CabarrusCounty",92.3,64.3,105.9,54.7,113.5,116.9,239.1,247.4,156.6,201.7,132.6,77,9.8,76.4,295.9,266.3,115.7,53.1,89,240.7,262.9,233.8,66.7,162.6,232.4,120.6,307.3,323.4,42,42.1,201,122.7,190,59.4,162.6,39.8,268.4,233.6,150.8,197.5,70.7,203.8,121.8,159.6,122.8,251.8,102.5,296,40.4,184.9,148.2,223,105.1,198,39.9,101.5,202.5,156.7,220.8,23.7,128.6,48.4,83.1,172.9,206.9,221,247.2,112.9,253.4,287.5,229.9,272.6,136.2,207.2,102.9,59.6,80.4,124.9,102.4,16.8,89.9,151.8,101.2,33.1,83.7,80.5,197.1,145.7,286.7,40.1,160.8,124.1,180.1,254.4,106.9,175.2,82.4,171.4,60.2,132.8
"CaldwellCounty",136.5,21.9,68.2,126.8,57.2,51.3,301.7,301.6,228.6,273.8,73,19.9,76.4,11.2,350.1,334.9,159.9,23.3,155.8,179.6,317.1,172.7,52.8,234.7,301,209.6,361.4,377.6,87.8,68.6,269.6,166.9,244.2,89.4,206.9,50.6,312.6,172.6,195.1,260.1,110.3,250.1,200.4,98.5,90.8,296,180.3,358.6,49,123.9,216.8,291.6,171.9,266.6,36.5,41.9,141.4,97.2,274.9,72.9,69,123,160.9,227.1,279,265.2,315.8,157.2,322,341.7,298.5,326.8,180.5,269.8,73.2,116.3,152.5,197,126.8,74.5,51.6,256.8,173.3,107.9,110,78.4,136.1,104.9,340.9,99.7,205.1,187.8,224.3,308.6,30.5,243.8,37.5,233.9,60.9,73.3
"CamdenCounty",215.6,326.2,335.7,289.7,350,376.1,92.7,64.9,220.4,248.7,406.3,350.7,295.9,350.1,9,162.6,205,328.9,212.1,512.9,39,506,355.9,246.8,128.7,199.4,14.4,63.9,265.1,285.1,170.7,184.8,107.6,264.9,153.2,329,41.8,505.8,163.9,127.7,240.4,108.3,194,431.8,412,60.9,223.3,90.4,309.4,457.1,154.5,148.4,213.5,137.5,333.7,375.1,474.7,430.4,73.8,312.9,402.3,261.4,236.4,126.5,218.9,93.1,163.2,206.1,134.6,8.8,197.5,25,184.7,107.1,392.1,247.3,264.3,234.1,238.1,288.9,379.2,189.1,241.2,282.6,289.9,303.3,469.3,438.2,67.7,318.4,146.7,173.5,128.4,54.6,350.9,150.6,318.9,125,291.5,406.5
"CarteretCounty",200.4,311,320.5,226.7,334.8,360.9,82.4,114.1,129,123.9,391.1,335.5,266.3,334.9,162.6,18.9,209.8,313.7,182.4,497.7,129.6,490.8,326.3,147.4,34.7,142.3,174,184.1,235.5,269.9,83.2,169.5,115.3,249.7,155.1,299.4,152.3,490.6,188.1,87.8,225.2,159.3,158.6,416.6,382.5,133.2,165,139.3,294.2,441.9,120,58,174.7,70.5,304.1,360,459.5,415.2,96,283.3,387,223.7,198.8,138.2,90.1,159.1,38.5,179,53.1,154.2,78.9,139.3,197.3,81.7,362.5,217.7,203.5,160.1,251.8,259.3,349.6,110,182.9,253,274.7,288.1,454.1,423,147.4,255.4,181.1,150.3,187.2,115.1,335.6,98.8,303.7,111.2,276.3,391.3
"CaswellCounty",35.8,136.1,145.5,146.8,159.9,185.9,176.1,176,167.3,224.6,216.1,160.6,115.7,159.9,205,209.8,10.7,138.7,68.9,322.8,191.5,315.8,181.6,193.1,175.9,130.9,235.8,252,76,95,144.4,41.3,118.5,66.9,81.2,153,165.9,315.7,46,134.5,50.3,110.3,92.2,241.6,234.6,149.3,124.6,233,119.3,267,91.6,166.4,79.3,141.4,144.7,185,284.5,240.3,149.3,136.9,212.1,105,102.2,101.5,194.8,118.5,190.6,33.3,196.8,216,173.4,201.1,20.6,144.1,216,68.3,132.7,165.6,33.1,99.8,194.7,131.7,129.6,112.7,66.5,99.9,279.1,248,215.3,154.2,58.4,63.9,77.6,183,160.7,118.7,128.8,108.3,101.3,216.4
"CatawbaCounty",115.3,19.2,86.3,109.8,71.9,63.8,280.5,280.4,211.6,256.8,79.5,24,53.1,23.3,328.9,313.7,138.7,10.5,134.6,186.1,295.9,179.2,41.1,217.7,279.8,188.4,340.2,356.4,66.6,47.3,248.4,145.7,223,68.2,185.7,33.6,291.5,179.1,173.9,238.9,89.1,228.9,179.2,105,97.3,274.8,159.1,337.4,27.8,130.4,195.6,270.4,150.7,245.4,19.5,48.4,147.9,103.7,253.7,55.9,75.5,101.8,139.7,205.9,262,244,294.5,136,300.8,320.5,277.3,305.5,159.3,248.6,79.7,95.1,135.5,180,105.6,53.3,58.1,235.6,156.3,84.6,88.8,77,142.6,111.4,319.7,82.7,183.9,166.6,203.1,287.4,53.8,222.6,47.4,212.8,59.5,79.8
"ChathamCounty",35.7,131.9,141.4,109.8,155.7,181.8,155.3,163.6,111.2,166.1,212,156.4,89,155.8,212.1,182.4,68.9,134.6,13.7,318.6,179.1,311.6,150.8,138.7,148.6,67.9,223.4,239.6,58.2,90.8,117.2,38.4,106.1,70.6,81.3,122.1,185.2,311.5,67.1,113.7,46.1,119.9,58.5,237.5,205.1,166.6,73,212.2,115.1,262.8,64.3,139.1,27.7,114.2,126.8,180.8,280.4,236.1,136.9,106,207.9,68,50.6,89.1,167.5,137.8,163.3,33.6,169.5,203.6,146.1,188.7,65.6,123.3,185.2,40.4,78.5,106,72.7,82,172.3,104.4,78,75.7,95.6,108.9,275,243.9,202.9,112.5,77.2,40.3,96.4,170.6,156.5,91.4,124.6,87.5,97.2,212.2
"CherokeeCounty",299.4,203.2,242,277.7,217.8,171.8,464.5,464.4,379.6,424.7,108.4,165,240.7,179.6,512.9,497.7,322.8,186.1,318.6,11.1,479.9,19,180.8,385.6,463.8,361.1,524.3,540.4,250.7,231.4,432.4,329.8,407,252.3,369.7,201.5,475.5,36.1,357.9,422.9,273.1,413,363.2,81.5,121.7,458.9,339.5,521.4,211.8,66.9,379.6,454.4,334.7,429.4,199.3,141,52,127.9,437.8,223.8,157.4,285.1,323.7,390,429.9,428.1,478.6,320,484.8,504.5,461.3,489.6,343.3,432.6,138.6,279.1,303.4,348,289.7,237.4,153,419.6,324.2,263.3,272.8,261.1,44.9,105.4,503.7,250.6,367.9,350.6,387.1,471.4,187.5,406.6,215.2,396.8,243.5,141.2
"ChowanCounty",182.6,293.3,302.7,256.7,317.1,343.1,61.6,31.9,187.4,215.8,373.3,317.8,262.9,317.1,39,129.6,191.5,295.9,179.1,479.9,7.9,473,322.9,213.9,95.7,166.4,50.4,81.3,232.1,252.1,137.8,151.8,74.6,231.9,120.2,296.1,35,472.9,155.7,94.7,207.4,101.5,161,398.8,379.1,54.1,190.3,67.2,276.5,424.1,121.5,115.4,180.6,104.6,300.8,342.2,441.7,397.5,40.8,279.9,369.3,228.4,203.5,93.5,186,86.3,130.2,173.1,101.6,30.6,164.5,15.7,179.1,74.1,359.1,214.4,231.4,201.1,234.1,255.9,346.2,156.1,208.2,249.6,256.9,270.3,436.3,405.2,44.6,285.4,146.3,140.5,121.6,31.5,317.9,117.7,285.9,92,258.5,373.5
"ClayCounty",292.4,196.3,235.1,270.8,210.9,164.9,457.6,457.5,371.9,405.6,101.5,158.1,233.8,172.7,506,490.8,315.8,179.2,311.6,19,473,7.6,173.9,373.6,456.9,354.1,517.3,533.5,243.7,224.4,425.5,322.8,400,245.3,362.8,194.6,468.5,54.6,350.9,416,266.2,406,356.3,74.5,114.8,451.9,332.6,514.5,204.9,55.7,372.6,447.5,327.8,422.5,192.4,134.1,33.1,121,430.8,216.9,150.4,278.2,316.8,383,417.9,421.1,471.6,313.1,477.8,497.5,454.4,482.6,336.4,425.6,131.6,272.2,296.5,344.5,282.7,230.4,146,412.7,317.3,256.4,265.9,254.1,63.4,86.5,496.8,243.7,361,343.7,380.2,464.5,180.5,399.7,208.3,389.8,236.6,134.3
"ClevelandCounty",158.2,59,126.1,105.5,111.7,75.1,300.9,309.2,207.4,252.5,84.4,43,68.5,52.8,357.7,328.1,181.6,41.1,150.8,180.8,324.7,173.9,11.1,213.4,294.2,188.9,369.1,385.2,107.9,87.2,250.3,188.6,251.8,108,228.6,29.3,334.4,173.7,216.8,259.3,128.9,265.5,186.3,99.7,63,317.7,167.3,357.8,60.5,125,210,284.8,166.9,259.8,26.6,49.8,142.6,103.9,282.5,51.6,76.8,112.9,147.6,234.7,257.7,287,296.5,178.9,315.2,349.3,272.6,334.4,202.2,269,43,121.4,131.2,175.7,145.4,82.7,30.1,223.8,152,91.1,128.6,116.8,137.2,85.8,348.5,78.4,226.8,185.9,246,316.2,83.2,237,87.2,233.2,99.3,81.1
"ColumbusCounty",159.7,218.7,260.3,108,268,275.2,176,198.3,30.7,41.4,290.9,235.4,162.6,234.7,246.8,147.4,193.1,217.7,138.7,385.6,213.9,373.6,213.4,15.9,133.6,72.3,258.2,274.4,169,194.3,85.9,152.9,169.7,197.2,161.6,184.8,220.7,378.6,171.4,122.2,172.7,183.5,96.1,304.5,267.8,201.3,69.1,232.9,194.8,329.9,112.8,128.5,106.1,115.8,188.6,259.8,347.4,308.8,171.7,158.3,286.9,132,99.9,153.5,59.4,201.4,103.2,162.3,154.5,238.4,74.2,223.5,180.7,142.9,247.8,151.3,89.4,45.4,204.5,169.3,234.9,64.7,70.8,138.1,222.2,235.6,342,290.6,237.7,136.8,174,133.6,188.6,205.4,265.2,98.9,236.8,124.6,223.8,291.1
"CravenCounty",166.5,277.1,286.6,215.7,300.9,327,48.5,80.2,123.9,121.8,357.2,301.6,232.4,301,128.7,34.7,175.9,279.8,148.6,463.8,95.7,456.9,292.4,133.6,14.2,130.1,140.1,150.2,201.6,236,69.8,135.6,81.4,215.8,121.2,265.5,118.4,456.7,154.2,53.9,191.3,125.4,124.7,382.7,348.6,99.3,154,105.4,260.4,408,86.1,24.1,140.8,36.7,270.2,326.1,425.6,381.3,62.1,249.4,353.2,189.8,164.9,104.3,88.1,125.2,38.9,145.1,21.8,120.3,73.6,105.4,163.4,47.8,328.6,183.8,192.5,164.8,217.9,225.4,315.7,92.6,171.9,219.1,240.8,254.2,420.2,389.1,113.6,244.4,147.2,116.4,153.3,81.2,301.8,64.9,269.8,77.3,242.4,357.4
"CumberlandCounty",88.9,185.8,195.2,83.4,209.6,235.6,140.9,150.9,43,97.9,265.8,210.3,120.6,209.6,199.4,142.3,130.9,188.4,67.9,361.1,166.4,354.1,188.9,72.3,130.1,13.2,210.7,226.9,112,144.6,60.5,90.7,107.6,124.4,99.4,160.2,186.6,354,109.3,91.2,99.9,121.3,25.7,280,243.2,153.9,21.8,197.8,169,305.3,50.7,120.7,35.3,83.6,164,234.7,322.9,290,124.2,133.8,261.8,73.9,46.3,91.3,95.7,139.2,106.7,100.1,151.1,191,89.4,176.1,118.5,108.9,223.3,94.3,60.3,39.6,126.6,126.1,210.4,34,39.7,95.2,149.4,162.8,317.5,266.1,190.2,112.2,111.8,71.4,126.4,157.9,210.4,60.9,178.4,77.2,151,266
"CurrituckCounty",226.9,337.6,347.1,301,361.4,387.5,104.1,76.3,231.8,260.1,417.6,362.1,307.3,361.4,14.4,174,235.8,340.2,223.4,524.3,50.4,517.3,367.3,258.2,140.1,210.7,11.8,53.8,276.4,296.5,182.1,196.1,119,276.2,164.5,340.4,54.8,517.2,176.9,139.1,251.8,121.3,205.4,443.1,423.4,73.9,234.7,101.8,320.8,468.5,165.9,159.8,224.9,148.9,345.1,386.5,486.1,441.8,85.1,324.3,413.6,272.8,247.8,137.8,230.3,106.1,174.6,217.4,145.9,20.2,208.9,36.4,197.7,118.5,403.5,258.7,275.7,245.4,260.9,300.2,390.5,200.5,252.6,293.9,301.3,314.6,480.7,449.5,79.1,329.8,159.7,184.8,141.4,66,362.2,162,330.3,136.4,302.9,417.9
"DareCounty",243.1,353.8,363.2,317.2,377.5,403.6,110.3,103.1,247.9,276.3,433.8,378.3,323.4,377.6,63.9,184.1,252,356.4,239.6,540.4,81.3,533.5,383.4,274.4,150.2,226.9,53.8,20.3,292.6,312.6,198.2,212.3,135.1,292.4,180.7,356.6,104.2,533.3,216.2,155.2,267.9,175.6,221.5,459.3,439.6,123.3,250.8,73.3,337,484.6,182,169.9,241.1,165.1,361.2,402.7,502.2,457.9,101.7,340.4,429.8,288.9,264,154,233.9,155.6,184.7,233.6,156.1,69.6,225,81.1,239.5,134.6,419.6,274.8,291.8,261.6,294.5,316.4,406.7,216.6,268.7,310.1,317.4,330.8,496.8,465.7,52.2,345.9,206.8,201,194.5,72.3,378.4,178.2,346.4,152.5,319,434
"DavidsonCounty",52.6,64,93.3,70.2,107.6,128.4,208.3,216.6,145.5,208.1,144,88.5,42,87.8,265.1,235.5,76,66.6,58.2,250.7,232.1,243.7,106.2,169,201.6,112,276.4,292.6,12.3,25.6,170.2,83,159.1,24.5,122.9,79.3,228.7,243.6,111.1,166.7,31.1,172.9,102.8,169.5,162.3,212.1,92.8,265.2,47.2,194.9,117.3,192.2,74.3,167.2,71,112.9,212.4,168.2,189.9,63.2,140,43.1,73.3,142.1,220.5,181.3,216.3,73.3,222.5,256.6,199.1,241.7,96.6,176.3,142.4,28.8,84,131.3,62.8,26.1,129.4,157.4,97.8,44.5,48.9,62.9,207.1,175.9,255.9,80.5,121.2,93.3,140.4,223.6,108.4,144.4,76.5,140.5,49.1,144.3
"DavieCounty",71.6,44.7,68.7,83.5,83,109.1,236.7,236.6,170.9,233.4,124.8,69.2,42.1,68.6,285.1,269.9,95,47.3,90.8,231.4,252.1,224.4,87.2,194.3,236,144.6,296.5,312.6,25.6,8.4,204.6,101.9,179.2,24.5,141.9,81.2,247.7,224.3,130.1,195.1,45.3,185.2,135.4,150.3,142.5,231.1,118.1,293.6,27.9,175.6,151.8,226.6,106.9,201.6,60.5,93.6,193.2,148.9,210,65.1,120.7,68.5,98.7,162.2,254.9,200.3,250.8,92.2,257,276.7,233.5,261.8,115.5,204.8,125,54.1,109.3,156.6,61.9,26.2,103.3,191.8,123.2,57.8,45,44.7,187.8,156.7,275.9,80.6,140.1,122.8,159.4,243.6,83.8,178.9,51.9,169,24.5,125
"DuplinCounty",135.1,245.7,255.2,144.9,269.5,295.6,97.3,122.2,59.5,85.9,325.8,270.2,201,269.6,170.7,83.2,144.4,248.4,117.2,432.4,137.8,425.5,250.3,85.9,69.8,60.5,182.1,198.2,170.2,204.6,14.7,104.2,103.5,184.4,104.1,221.6,145.1,425.3,122.8,55.3,159.9,117.3,77.7,351.3,304.6,125.7,83.2,154.3,228.9,376.6,56.3,46.5,93.8,35.3,238.8,294.6,394.2,349.9,95.6,195.2,321.8,138.2,107.7,87.2,56.1,135.2,47.6,113.7,90.8,162.3,34.7,147.4,132,64.3,284.7,152.4,121.7,93.6,186.5,194,271.8,28.2,101.1,159.5,209.4,222.8,388.8,357.7,161.6,173.6,125.3,85,139.9,129.3,270.4,42.8,238.4,68.5,211,326
"DurhamCounty",32.9,143.6,153,129.1,167.4,193.4,136.1,144.3,127,184.3,223.6,168.1,123.1,167.4,192.8,169.4,41.8,146.2,38.9,330.2,159.9,323.3,189.1,152.8,135.5,90.6,204.2,220.4,83.5,102.4,104.1,8.9,86.9,82.2,41.5,160.5,147.3,323.1,29.7,94.4,57.7,84.8,53.2,249.1,242.1,130.7,98.2,193,126.8,274.5,51.3,126.1,53,101.1,152.1,192.5,292,247.8,117.7,144.3,219.6,101.7,75.9,69.9,154.5,99.9,150.3,17.5,156.5,184.4,133,169.5,30,104.1,223.5,75.8,103.8,125.3,84.4,107.3,202.2,91.3,103.3,109.4,107.2,120.6,286.6,255.5,183.7,161.7,39.8,22.4,59,151.4,168.2,78.4,136.2,68.3,108.8,223.8
"EdgecombeCounty",109.6,220.3,229.8,183.8,244.1,270.2,57.5,59.1,144,183.6,300.4,244.8,190,244.2,107.6,115.3,118.5,223,106.1,407,74.6,400,251.8,169.7,81.4,107.6,119,135.1,159.1,179.2,103.5,78.8,11.6,159,47.2,223.1,81.5,399.9,82.8,45.6,134.5,42.2,102.2,325.9,306.1,62.1,131.5,114.4,203.5,351.2,62.7,86.5,107.6,61.5,227.8,269.2,368.8,324.5,32.5,207,296.3,155.5,130.5,20.5,153.8,60.1,110.5,100.2,90.5,99.2,132.4,84.3,106.1,35.7,286.2,141.4,158.4,142.2,161.1,182.9,273.3,100.4,149.4,176.7,184,197.4,363.4,332.3,98.4,212.5,73.3,67.6,61.1,66.1,244.9,63.4,213,33.7,185.6,300.6
"ForsythCounty",51.3,65.6,75.1,97,89.4,115.5,216.5,216.4,167.7,222.6,145.6,90.1,59.4,89.4,264.9,249.7,66.9,68.2,70.6,252.3,231.9,245.3,108,197.2,215.8,124.4,276.2,292.4,24.5,24.5,184.4,81.7,159,10.5,121.7,96.7,227.4,245.2,109.8,174.9,25.1,164.9,115.2,171.1,164.1,210.8,121,273.4,48.8,196.5,131.6,206.4,86.7,181.4,81.4,114.5,214.1,169.8,189.7,80.6,141.6,67.3,101.6,141.9,234.7,180,230.6,72,236.8,256.5,213.3,241.6,87.5,184.6,145.9,47.8,112.2,159.5,41.3,43.5,124.2,171.6,126.1,71.3,25.4,39.5,208.7,177.6,255.7,97.9,119.9,102.6,139.1,223.4,90.2,158.6,58.3,148.8,30.9,145.9
"FranklinCounty",72.3,183,192.5,158.9,206.8,232.9,103.1,104.7,135.8,184.2,263.1,207.5,162.6,206.9,153.2,155.1,81.2,185.7,81.3,369.7,120.2,362.8,228.6,161.6,121.2,99.4,164.5,180.7,122.9,141.9,104.1,41.5,47.2,121.7,11.4,199.9,113.8,362.6,36.6,66.5,97.2,48.5,76.3,288.6,280.8,97.2,123.4,160,166.2,313.9,50.2,111.7,82.8,86.8,191.6,231.9,331.5,287.2,78,183.8,259,130.6,105.7,30.2,154.4,66.4,135.7,57,137.1,144.7,133,129.8,65.1,76.1,263,115.3,133.6,134.1,123.8,146.8,241.6,84.6,133.1,151.8,146.7,160.1,326.1,295,144,187.7,27.1,33.5,33.2,111.7,207.6,64,175.7,40.3,148.3,263.3
"GastonCounty",129.6,50.2,120.1,76.8,102.9,91.1,272.3,280.5,178.7,223.9,106.8,51.2,39.8,50.6,329,299.4,153,33.6,122.1,201.5,296.1,194.6,29.3,184.8,265.5,160.2,340.4,356.6,79.3,81.2,221.6,160,223.1,96.7,199.9,9.8,305.7,194.4,188.1,230.7,108,236.9,157.6,120.4,83.7,289.1,138.6,329.2,54.6,145.7,181.3,256.1,138.3,231.1,16.5,75.7,163.3,124.6,253.9,22.9,102.8,84.3,118.9,206.1,229.1,258.3,267.8,150.3,286.5,320.6,243.9,305.7,173.6,240.3,63.7,92.8,102.6,147.1,139.8,54.1,50.8,195.1,123.3,62.4,121,110.9,157.9,106.5,319.9,49.8,198.2,157.3,217.4,287.6,81.1,208.4,78.4,204.5,93.3,107
"GatesCounty",178.1,288.8,298.3,262.8,312.6,338.7,91.3,39.7,194.3,223.1,368.9,313.3,268.4,312.6,41.8,152.3,165.9,291.5,185.2,475.5,35,468.5,332.6,220.7,118.4,186.6,54.8,104.2,228.7,247.7,145.1,147.3,81.5,227.4,113.8,305.7,9.6,468.4,124.8,102.1,203,69.2,181.3,394.4,386.6,21.8,210.6,101,272,419.7,141.8,134.3,186.7,111.9,297.4,337.7,437.3,393,63.4,289.6,364.8,234.6,209.6,99.6,193.3,54,152.9,162.8,124.3,37.7,171.9,49.3,145.6,81.5,368.8,220.5,237.5,221.3,199,252.5,347.4,163,228.5,255.7,252.5,265.8,431.9,400.8,78.3,291.6,107.6,146.6,89.3,65.2,313.4,124.5,281.5,98.9,254.1,369.1
"GrahamCounty",292.3,196.2,234.9,270.6,210.8,164.7,457.5,457.3,372.5,417.6,101.3,157.9,233.6,172.6,505.8,490.6,315.7,179.1,311.5,36.1,472.9,54.6,173.7,378.6,456.7,354,517.2,533.3,243.6,224.3,425.3,322.7,399.9,245.2,362.6,194.4,468.4,8.9,350.8,415.8,266,405.9,356.1,74.4,114.7,451.8,332.4,514.4,204.8,59.8,372.5,447.3,327.7,422.3,192.2,133.9,55.9,120.8,430.7,216.7,150.3,278,316.6,382.9,422.9,421,471.5,312.9,477.7,497.4,454.2,482.5,336.2,425.5,131.5,272,296.3,340.9,282.6,230.3,145.9,412.5,317.1,256.2,265.7,254,37.9,106.8,496.7,243.6,360.9,343.5,380.1,464.4,180.4,399.6,208.1,389.7,236.4,134.1
"GranvilleCounty",60.5,171.2,180.7,153.6,195,221.1,138.6,140.2,145.6,202.9,251.3,195.7,150.8,195.1,163.9,188.1,46,173.9,67.1,357.9,155.7,350.9,216.8,171.4,154.2,109.3,176.9,216.2,111.1,130.1,122.8,29.7,82.8,109.8,36.6,188.1,124.8,350.8,11.9,109.5,85.4,69.2,86.8,276.8,269.7,108.1,122.8,195.5,154.4,302.1,70,144.8,77.5,119.8,179.8,220.1,319.7,275.4,113.5,172,247.2,130,100.4,65.7,173.1,77.3,169,45.2,175.2,159.8,151.7,165.4,25.7,119.2,251.2,103.4,128.3,143.9,79.1,134.9,229.8,110,127.9,137.6,134.9,148.2,314.3,283.2,179.5,189.3,17.2,42.7,36.4,147.2,195.8,97,163.9,83.4,136.5,251.5
"GreeneCounty",125.6,236.3,245.7,176.8,260,286.1,55.3,79.2,95.7,133.3,316.3,260.7,197.5,260.1,127.7,87.8,134.5,238.9,113.7,422.9,94.7,416,257.5,122.2,53.9,91.2,139.1,155.2,166.7,195.1,55.3,94.5,45.6,174.9,66.5,230.7,102.1,415.8,109.5,8.4,150.4,75.4,85.8,341.8,313.7,82.7,115.1,112.2,219.4,367.1,47.2,44.5,101.9,19.5,235.3,285.2,384.7,340.4,52.5,214.5,312.3,163,138.1,49.7,103.5,93.3,68.5,107.7,74.9,119.3,82.1,104.4,122,22.2,293.7,148.9,153.6,125.9,177,190.5,280.8,64.4,133,184.2,199.9,213.3,379.3,348.2,118.5,205.5,92.5,75.1,98.6,86.2,260.9,26,228.9,27.3,201.5,316.5
"GuilfordCounty",26.9,86.4,95.9,101.9,110.2,136.3,192,191.9,143.3,198.1,166.5,110.9,70.7,110.3,240.4,225.2,50.3,89.1,46.1,273.1,207.4,266.2,128.9,172.7,191.3,99.9,251.8,267.9,31.1,45.3,159.9,57.3,134.5,25.1,97.2,108,203,266,85.4,150.4,13.2,140.5,90.7,192,184.9,186.4,96.5,248.9,69.6,217.3,107.1,181.9,62.2,156.9,102.2,135.4,234.9,190.6,165.3,91.9,162.4,60.1,77.1,117.5,210.2,155.6,206.1,47.5,212.3,232,188.8,217.1,70.8,160.1,171.1,23.4,87.7,135.1,37,54.9,145.1,147.1,101.6,67.8,50.1,63.5,229.5,198.4,231.2,109.3,95.4,78.1,114.7,198.9,111.1,134.1,79.1,124.3,51.7,166.7
"HalifaxCounty",115.6,226.3,235.8,197.5,250.1,276.2,98,71.9,157.7,197.4,306.3,250.8,203.8,250.1,108.3,159.3,110.3,228.9,119.9,413,101.5,406,263.8,183.5,125.4,121.3,121.3,175.6,172.9,185.2,117.3,84.8,42.2,164.9,48.5,236.9,69.2,405.9,69.2,75.4,140.5,13.9,116,331.8,319.9,52.5,145.3,154.9,209.5,357.2,76.5,115.9,121.4,91,241.6,275.2,374.8,330.5,72.9,220.8,302.3,169.2,144.3,34.3,167.6,21.8,139.9,113.9,130.9,104.2,146.2,124.7,90,76.1,300,155.2,172.2,156,143.4,196.7,287,114.2,163.1,190.4,189.9,203.3,369.4,338.2,138.9,226.3,52,81.3,33.7,106.6,250.9,77.2,219,52.4,191.6,306.6
"HarnettCounty",81.6,176.5,186,107.7,200.3,226.4,135.5,145.5,66.8,121.7,256.6,201,121.8,200.4,194,158.6,92.2,179.2,58.5,363.2,161,356.3,186.3,96.1,124.7,25.7,205.4,221.5,102.8,135.4,77.7,53.3,102.2,115.2,76.3,157.6,181.3,356.1,81.4,85.8,90.7,116,12.6,282.1,240.6,148.5,46,192.4,159.7,307.4,45.3,115.3,26.1,90.3,158.9,225.4,325,280.7,118.9,134,252.6,75.1,50.2,84.2,128,133.9,123.9,60.2,145.7,185.6,106.6,170.7,89.2,103.6,220.7,85,78,63.4,117.3,126.6,207.8,52.1,63.9,96.4,140.2,153.6,319.6,288.5,184.8,136.4,88.7,42,103.3,152.5,201.1,67.6,169.2,71.8,141.8,256.8
"HaywoodCounty",218.2,122.1,160.9,196.6,136.7,90.7,383.4,383.3,298.5,343.6,27.3,83.9,159.6,98.5,431.8,416.6,241.6,105,237.5,81.5,398.8,74.5,99.7,304.5,382.7,280,443.1,459.3,169.5,150.3,351.3,248.6,325.9,171.1,288.6,120.4,394.4,74.4,276.8,341.8,192,331.8,282.1,12.1,40.6,377.7,258.4,440.3,130.7,25.7,298.5,373.3,253.6,348.3,118.2,59.9,43.3,46.8,356.6,142.7,76.3,204,242.6,308.8,348.8,347,397.5,238.9,403.7,423.4,380.2,408.5,262.2,351.5,57.4,198,222.3,266.8,208.5,156.2,71.8,338.5,243.1,182.2,191.7,179.9,37.9,54.1,422.6,169.5,286.8,269.5,306,390.3,106.4,325.5,134.1,315.7,162.4,60.1
"HendersonCounty",210.5,114.4,153.1,159.9,129,82.9,355.3,363.6,261.7,306.9,25.3,76.2,122.8,90.8,412,382.5,233.9,97.3,205.1,121.7,379.1,114.8,63,267.8,348.6,243.2,423.4,439.6,162.3,142.5,304.6,240.9,306.1,163.4,280.8,83.7,386.6,114.7,269,313.7,184.2,319.9,240.6,40.6,10,370,221.7,412.2,123,65.9,264.3,339.1,221.3,314.1,85.6,52.2,83.5,44.8,336.9,105.9,74.3,167.3,201.9,289.1,312.1,339.2,350.8,231.1,369.5,403.6,327,388.7,254.4,323.3,20.7,175.8,185.6,230.1,200.8,137.1,46.6,278.1,206.3,145.4,183.9,172.2,78.1,23.7,402.9,132.8,279.1,240.3,298.3,370.6,98.6,291.4,126.3,287.5,154.6,58.2
"HertfordCounty",161.5,272.2,281.6,244.2,296,322.1,72.2,20.6,174.9,203.7,352.2,296.7,251.8,296,60.9,133.2,149.3,274.8,166.6,458.9,54.1,451.9,316,201.3,99.3,153.9,73.9,123.3,212.1,231.1,125.7,130.7,62.1,210.8,97.2,289.1,21.8,451.8,108.1,82.7,186.4,52.5,148.5,377.7,370,9.8,177.8,108.2,255.4,403.1,109,114.9,168,92.5,280.8,321.1,420.6,376.4,44.4,273,348.2,215.9,190.9,81,173.9,37.4,133.8,146.2,105.2,56.8,152.5,60.7,129,62.1,352.1,201.8,218.8,188.6,182.4,235.9,330.8,143.6,195.7,237.1,235.8,249.2,415.3,384.1,85.5,272.9,91,128,72.7,51.6,296.8,105.2,264.9,79.5,237.5,352.5
"HokeCounty",94,156.4,191.8,61.9,206.1,220.8,164.8,174.8,53,100.9,236.5,180.9,102.5,180.3,223.3,165,124.6,159.1,73,339.5,190.3,332.6,167.3,69.1,154,21.8,234.7,250.8,92.8,118.1,83.2,98.3,131.5,121,123.4,138.6,210.6,332.4,122.8,115.1,96.5,145.3,46,258.4,221.7,177.8,10.2,221.8,139.6,283.7,74.6,144.6,48.8,107.6,142.4,205.4,301.3,262.6,148.2,112.2,232.5,55.8,25.5,115.3,105.7,163.2,129.4,89.3,175,214.9,112.1,200,121.2,132.9,201.7,75,39.5,28,128.2,108,188.8,56.7,18.1,77.1,146,159.4,295.9,244.5,214.1,90.6,135.7,87,150.4,181.8,207,84.9,175,101.1,147.6,236.7
"HydeCounty",224.1,334.8,344.2,283.4,358.6,384.6,60.5,89.1,206.4,222.9,414.8,359.3,296,358.6,90.4,139.3,233,337.4,212.2,521.4,67.2,514.5,356,232.9,105.4,197.8,101.8,73.3,265.2,293.6,154.3,193.1,114.4,273.4,160,329.2,101,514.4,195.5,112.2,248.9,154.9,192.4,440.3,412.2,108.2,221.8,19.4,318,465.7,152.9,125.1,213.7,121.1,333.9,383.7,483.2,439,87.6,313,410.8,261.5,236.6,133.3,189.1,145.4,139.9,206.2,111.3,82,181.1,67.1,220.6,92,392.2,247.5,260.3,232.5,275.6,289,379.3,175.1,239.6,282.7,298.4,311.8,477.8,446.7,27.2,312.1,186.1,173.6,173.8,58.2,359.4,136.7,327.4,125.8,300,415
"IredellCounty",95.9,25.2,66.8,86.9,74.5,89.5,261.1,261,188.8,233.9,105.2,49.7,40.4,49,309.4,294.2,119.3,27.8,115.1,211.8,276.5,204.9,60.5,194.8,260.4,169,320.8,337,47.2,27.9,228.9,126.3,203.5,48.8,166.2,54.6,272,204.8,154.4,219.4,69.6,209.5,159.7,130.7,123,255.4,139.6,318,12.5,156.1,176.1,250.9,131.3,225.9,33.9,74.1,173.6,129.4,234.3,38.5,101.2,78,120.2,186.5,239.1,224.6,275.1,116.6,281.3,301,257.9,286.1,139.9,229.1,99.5,75.7,112.6,157.2,86.2,31,83.8,216.1,133.4,71.9,69.3,57.6,168.2,137.1,300.3,60.8,164.5,147.2,183.7,268,75.3,203.2,43.3,193.3,40,105.4
"JacksonCounty",243.6,147.5,186.2,221.9,162.1,116,408.8,408.6,323.8,369,52.6,109.3,184.9,123.9,457.1,441.9,267,130.4,262.8,66.9,424.1,55.7,125,329.9,408,305.3,468.5,484.6,194.9,175.6,376.6,274,351.2,196.5,313.9,145.7,419.7,59.8,302.1,367.1,217.3,357.2,307.4,25.7,65.9,403.1,283.7,465.7,156.1,11.4,323.8,398.6,279,373.6,143.5,85.3,24.4,72.1,382,168,101.6,229.3,267.9,334.2,374.2,372.3,422.8,264.2,429,448.7,405.5,433.8,287.5,376.8,82.8,223.3,247.6,292.2,233.9,181.6,97.2,363.8,268.4,207.5,217,205.3,23.3,47.9,448,194.9,312.1,294.9,331.4,415.6,131.7,350.9,159.4,341,187.7,85.4
"JohnstonCounty",82.2,192.9,202.4,136.3,216.7,242.8,96,106,87.1,136.4,273,217.4,148.2,216.8,154.5,120,91.6,195.6,64.3,379.6,121.5,372.6,210,112.8,86.1,50.7,165.9,182,117.3,151.8,56.3,51.4,62.7,131.6,50.2,181.3,141.8,372.5,70,47.2,107.1,76.5,45.3,298.5,264.3,109,74.6,152.9,176.1,323.8,14.5,76.7,65.8,51.7,186,241.8,341.4,297.1,79.4,165.2,268.9,113.7,88.7,46.4,106.6,94.4,102.5,60.8,107.1,146.1,85.2,131.2,79.2,64.1,244.4,99.6,113.1,85.3,133.7,141.1,231.4,43.5,92.5,134.8,156.6,169.9,336,304.9,145.3,165,72.5,32.2,87.1,113,217.5,29,185.6,32.3,158.2,273.2
"JonesCounty",157,267.7,277.2,206.3,291.5,317.6,68.2,99.9,96,118.5,347.8,292.2,223,291.6,148.4,58,166.4,270.4,139.1,454.4,115.4,447.5,283,128.5,24.1,120.7,159.8,169.9,192.2,226.6,46.5,126.2,86.5,206.4,111.7,256.1,134.3,447.3,144.8,44.5,181.9,115.9,115.3,373.3,339.1,114.9,144.6,125.1,250.9,398.6,76.7,11.2,131.4,27.2,260.8,316.6,416.2,371.9,81.8,240,343.7,180.4,155.4,94.9,84.7,133.9,35.6,135.6,45.1,140,68.6,125.1,154,53.5,319.2,174.4,183.1,155.3,208.5,215.9,306.3,73.3,162.5,209.7,231.4,244.8,410.8,379.7,133.2,235,137.8,107,143.9,100.9,292.3,55.4,260.4,67.9,233,348
"LeeCounty",48.7,148.1,157.5,79.7,171.9,197.9,156.8,165.1,78.7,133.5,228.1,172.6,105.1,171.9,213.5,174.7,79.3,150.7,27.7,334.7,180.6,327.8,166.9,106.1,140.8,35.3,224.9,241.1,74.3,106.9,93.8,53.1,107.6,86.7,82.8,138.3,186.7,327.7,77.5,101.9,62.2,121.4,26.1,253.6,221.3,168,48.8,213.7,131.3,279,65.8,131.4,8.3,106.4,143,197,296.5,252.3,138.4,110.3,224.1,51.4,26.5,90.6,131.3,139.3,140,44,161.8,205.1,122.7,190.2,76,124.8,201.3,56.6,54.4,73.4,88.9,98.1,188.4,68.2,53.9,72.7,111.7,125.1,291.1,260,204.4,108.4,87.6,41.8,106.2,172.1,172.7,83.6,140.7,89,113.3,228.4
"LenoirCounty",132.1,242.7,252.2,169.2,266.5,292.6,64.2,89.1,89.3,113.3,322.8,267.2,198,266.6,137.5,70.5,141.4,245.4,114.2,429.4,104.6,422.5,258,115.8,36.7,83.6,148.9,165.1,167.2,201.6,35.3,101.2,61.5,181.4,86.8,231.1,111.9,422.3,119.8,19.5,156.9,91,90.3,348.3,314.1,92.5,107.6,121.1,225.9,373.6,51.7,27.2,106.4,10.3,235.8,291.6,391.2,346.9,62.4,215,318.8,155.4,130.4,69.9,83.5,108.9,51.2,110.7,57.6,129.1,62.1,114.2,129,31.1,294.2,149.4,146.1,118.3,183.5,191,281.3,58.1,125.4,184.7,206.4,219.8,385.8,354.7,128.4,198,112.8,82,118.9,96.1,267.4,30.5,235.4,42.9,208,323
"LincolnCounty",121.3,36.2,99.4,80.6,88.8,77,277,285.2,182.5,227.6,92.7,37.2,39.9,36.5,333.7,304.1,144.7,19.5,126.8,199.3,300.8,192.4,26.6,188.6,270.2,164,345.1,361.2,71,60.5,238.8,151.7,227.8,81.4,191.6,16.5,297.4,192.2,179.8,235.3,102.2,241.6,158.9,118.2,85.6,280.8,142.4,333.9,33.9,143.5,186,260.8,143,235.8,9,61.6,161.1,116.8,258.6,31.2,88.7,85.5,120.2,210.8,232.9,250,285,141.9,291.2,325.3,247.7,310.4,165.2,245,65.6,97.4,106.3,150.9,118.8,45.8,52.7,198.9,127.1,71.4,101.9,90.2,155.7,108.4,324.6,53.6,189.8,161.9,209.1,292.3,67,213.1,64.3,209.2,72.6,92.9
"McDowellCounty",161.6,65.5,104.2,151.9,80.1,34,326.8,326.7,253.7,298.9,34.4,27.3,101.5,41.9,375.1,360,185,48.4,180.8,141,342.2,134.1,49.8,259.8,326.1,234.7,386.5,402.7,112.9,93.6,294.6,192,269.2,114.5,231.9,75.7,337.7,133.9,220.1,285.2,135.4,275.2,225.4,59.9,52.9,321.1,205.4,383.7,74.1,85.3,241.8,316.6,197,291.6,61.6,10.9,102.8,58.5,300,98,28.3,148.1,185.9,252.2,304.1,290.3,340.8,182.3,347,366.7,323.6,351.8,205.6,294.8,48.7,141.4,177.6,222.1,151.9,99.6,28.1,281.9,198.3,132.9,135.1,123.3,97.4,66.3,366,124.8,230.2,212.9,249.4,333.7,49.7,268.9,77.4,259,105.8,32.5
"MaconCounty",261.1,165,203.8,239.5,179.6,133.6,426.3,426.2,341.4,386.5,70.2,126.8,202.5,141.4,474.7,459.5,284.5,147.9,280.4,52,441.7,33.1,142.6,347.4,425.6,322.9,486.1,502.2,212.4,193.2,394.2,291.5,368.8,214.1,331.5,163.3,437.3,55.9,319.7,384.7,234.9,374.8,325,43.3,83.5,420.6,301.3,483.2,173.6,24.4,341.4,416.2,296.5,391.2,161.1,102.8,11.7,89.7,399.5,185.6,119.2,246.9,285.5,351.8,391.7,389.9,440.4,281.8,446.6,466.3,423.1,451.4,305.1,394.4,100.3,240.9,265.2,309.8,251.4,199.1,114.8,381.4,286,225.1,234.6,222.9,35.4,55.2,465.5,212.4,329.7,312.4,348.9,433.2,149.3,368.4,177,358.6,205.3,103
"MadisonCounty",216.9,120.8,135.7,200.8,111.6,65.5,382,381.9,302.7,347.9,24.3,82.5,156.7,97.2,430.4,415.2,240.3,103.7,236.1,127.9,397.5,121,103.9,308.8,381.3,290,441.8,457.9,168.2,148.9,349.9,247.3,324.5,169.8,287.2,124.6,393,120.8,275.4,340.4,190.6,330.5,280.7,46.8,44.8,376.4,262.6,439,129.4,72.1,297.1,371.9,252.3,346.9,116.8,58.5,89.7,10.9,355.3,146.9,47.3,208.2,241.2,307.5,353.1,345.6,396.1,237.5,402.3,422,378.8,407.1,260.8,350.1,61.7,196.6,226.5,271.1,207.2,154.9,70.5,337.1,247.3,186.4,190.3,178.6,84.3,58.3,421.3,173.8,285.5,268.1,304.7,389,81.2,324.2,132.7,314.3,161,31.1
"MartinCounty",140.4,251.1,260.5,214.5,274.9,301,35,25.3,145.3,173.6,331.1,275.6,220.8,274.9,73.8,96,149.3,253.7,136.9,437.8,40.8,430.8,280.8,171.7,62.1,124.2,85.1,101.7,189.9,210,95.6,109.6,32.5,189.7,78,253.9,63.4,430.7,113.5,52.5,165.3,72.9,118.9,356.6,336.9,44.4,148.2,87.6,234.3,382,79.4,81.8,138.4,62.4,258.6,300,399.5,355.3,11.1,237.8,327.1,186.2,161.3,51.3,143.8,76.2,96.5,130.9,67.9,65.3,122.4,50.4,136.9,31.9,317,172.2,189.2,158.9,191.9,213.7,304,114,166.1,207.4,214.7,228.1,394.2,363,65,243.3,104.1,98.3,91.8,32.7,275.7,75.5,243.8,49.9,216.4,331.4
"MecklenburgCounty",112.8,61.6,103.3,50.5,110.9,112.7,255.4,263.7,152.4,197.5,128.4,72.8,23,72.2,312.2,282.6,136.2,55.2,105.3,223.1,279.2,216.2,50.9,158.4,248.7,133.9,323.6,339.7,62.5,64.4,195.3,143.1,206.3,79.9,183.1,22.2,288.9,216,171.3,213.8,91.2,220.1,134.1,142,105.3,272.3,112.3,312.3,37.8,167.3,164.5,239.3,110.4,214.3,30.5,97.3,184.9,146.2,237.1,12.1,124.3,60.7,95.4,189.3,202.7,241.5,241.5,133.4,269.7,303.8,217.6,288.9,156.7,223.5,85.3,75.9,76.2,120.8,122.9,37.3,72.4,168.8,97,38.9,104.2,94.1,179.5,128.1,303,23.5,181.3,140.4,200.6,270.7,102.7,191.6,79.8,187.7,76.5,128.6
"MitchellCounty",188.7,92.6,100.9,178.9,76.8,30.8,353.9,353.8,280.8,326,53.8,54.4,128.6,69,402.3,387,212.1,75.5,207.9,157.4,369.3,150.4,76.8,286.9,353.2,261.8,413.6,429.8,140,120.7,321.8,219.1,296.3,141.6,259,102.8,364.8,150.3,247.2,312.3,162.4,302.3,252.6,76.3,74.3,348.2,232.5,410.8,101.2,101.6,268.9,343.7,224.1,318.8,88.7,28.3,119.2,47.3,327.1,125.1,7.7,175.2,213,279.3,331.2,317.4,367.9,209.4,374.1,393.8,350.7,378.9,232.7,321.9,75.8,168.5,204.7,249.2,179,126.7,55.2,309,225.4,160.1,162.1,130.7,113.8,87.8,393.1,151.9,257.3,240,276.5,360.8,46.4,296,84.9,286.1,113.2,16.8
"MontgomeryCounty",73.7,99.2,136.1,48.1,150.4,163.5,204.6,212.9,108.6,171.1,179.2,123.7,48.4,123,261.4,223.7,105,101.8,68,285.1,228.4,278.2,111.1,132,189.8,73.9,272.8,288.9,43.1,68.5,138.2,101.2,155.5,67.3,130.6,84.3,234.6,278,130,163,60.1,169.2,75.1,204,167.3,215.9,55.8,261.5,78,229.3,113.7,180.4,51.4,155.4,85.5,148.1,246.9,208.2,186.2,60.6,175.2,11.5,36.4,138.4,176.3,187.1,184.4,94.4,210.8,253,167.1,238.1,125.6,172.7,147.3,38.6,47,94.3,91.8,54.2,134.4,105.1,60.9,23,91.7,105.7,241.5,190.1,252.2,59.6,140,89.6,159.2,219.9,151.2,128.1,119.3,136.9,91.9,179.4
"MooreCounty",71.6,137,172.4,56.4,186.7,201.4,179.7,188,78.3,139,217.1,161.5,83.1,160.9,236.4,198.8,102.2,139.7,50.6,323.7,203.5,316.8,147.6,99.9,164.9,46.3,247.8,264,73.3,98.7,107.7,76,130.5,101.6,105.7,118.9,209.6,316.6,100.4,138.1,77.1,144.3,50.2,242.6,201.9,190.9,25.5,236.6,120.2,267.9,88.7,155.4,26.5,130.4,120.2,185.9,285.5,241.2,161.3,95.3,213,36.4,13.7,113.5,130.9,162.2,153.9,66.9,185.8,228,136.6,213.1,98.9,147.7,182,55.6,31,53.2,108.8,88.6,169.1,81.2,30.6,57.7,126.6,139.9,280.1,224.8,227.3,85.1,110.5,64.7,129.1,195,187.5,103.2,155.6,111.9,128.2,217.3
"NashCounty",92.6,203.3,212.8,166.7,227.1,253.2,76.4,78,127.7,167.4,283.3,227.8,172.9,227.1,126.5,138.2,101.5,205.9,89.1,390,93.5,383,234.7,153.5,104.3,91.3,137.8,154,142.1,162.2,87.2,61.8,20.5,141.9,30.2,206.1,99.6,382.9,65.7,49.7,117.5,34.3,84.2,308.8,289.1,81,115.3,133.3,186.5,334.2,46.4,94.9,90.6,69.9,210.8,252.2,351.8,307.5,51.3,190,279.3,138.4,113.5,12,137.6,52.2,118.9,83.1,109.3,118.1,116.2,103.1,89.1,54.5,269.1,124.4,141.4,126,144.1,165.9,256.2,84.2,133.1,159.6,166.9,180.3,346.4,315.2,117.3,195.5,56.3,50.5,44,85,227.9,47.2,196,18.9,168.6,283.6
"NewHanoverCounty",185.4,263.1,305.5,152.4,319.9,319.6,132.2,170.4,54.6,36.1,335.3,279.8,207,279.1,218.9,90.1,194.8,262.1,167.5,430,186,418,257.8,59.5,88.1,95.8,230.3,233.9,220.5,254.9,56.1,154.6,153.8,234.7,154.4,229.2,193.3,423,173.1,103.5,210.2,167.6,128,348.9,312.2,173.9,105.8,189.1,239.2,374.3,106.6,84.7,131.4,83.5,233,304.2,391.8,353.2,143.8,202.7,331.3,176.4,131,137.6,9.3,185.5,57.7,164,109,210.5,22.5,195.6,182.4,112.5,292.2,202.8,133.8,89.8,236.9,213.7,279.3,78.6,115.2,182.5,259.7,273.1,386.4,335,197.2,181.1,175.7,135.3,190.3,164.9,320.7,93.1,288.7,118.8,261.3,335.5
"NorthamptonCounty",130.7,241.4,250.9,215.4,265.2,291.3,101.3,57.9,175.6,215.3,321.5,265.9,221,265.2,93.1,159.1,118.5,244,137.8,428.1,86.3,421.1,285.2,201.4,125.2,139.2,106.1,155.6,181.3,200.3,135.2,99.9,60.1,180,66.4,258.3,54,421,77.3,93.3,155.6,21.8,133.9,347,339.2,37.4,163.2,145.4,224.6,372.3,94.4,133.9,139.3,108.9,250,290.3,389.9,345.6,76.2,242.2,317.4,187.1,162.2,52.2,185.5,12.1,157.9,115.4,134.3,89.1,164.1,100.7,98.2,79.5,321.4,173.1,190.1,173.9,151.6,205.1,300,132.1,181.1,208.3,205.1,218.4,384.5,353.4,122.8,244.2,60.2,99.2,41.9,88.9,266,95.1,234.1,70.3,206.7,321.7
"OnslowCounty",181.2,291.9,301.4,191,315.7,341.8,83,114.7,93.4,91.5,372,316.4,247.2,315.8,163.2,38.5,190.6,294.5,163.3,478.6,130.2,471.6,294.7,103.2,38.9,106.7,174.6,184.7,216.3,250.8,47.6,150.4,110.5,230.6,135.7,267.8,152.9,471.5,169,68.5,206.1,139.9,123.9,397.5,350.8,133.8,129.4,139.9,275.1,422.8,102.5,35.6,140,51.2,285,340.8,440.4,396.1,96.5,241.4,367.9,184.4,153.9,118.9,57.7,157.9,15.5,159.8,59.9,154.8,43.3,139.9,178.2,77.4,330.9,198.6,167.9,124.5,232.7,240.1,317.9,74.4,147.3,205.6,255.6,268.9,435,403.9,148,219.8,171.5,131.1,167.9,115.7,316.5,79.4,284.6,91.9,257.2,372.2
