"County","AutaugaCounty","BaldwinCounty","BarbourCounty","BibbCounty","BlountCounty","BullockCounty","ButlerCounty","CalhounCounty","ChambersCounty","CherokeeCounty","ChiltonCounty","ChoctawCounty","ClarkeCounty","ClayCounty","CleburneCounty","CoffeeCounty","ColbertCounty","ConecuhCounty","CoosaCounty","CovingtonCounty","CrenshawCounty","CullmanCounty","DaleCounty","DallasCounty","DeKalbCounty","ElmoreCounty","EscambiaCounty","EtowahCounty","FayetteCounty","FranklinCounty","GenevaCounty","GreeneCounty","HaleCounty","HenryCounty","HoustonCounty","JacksonCounty","JeffersonCounty","LamarCounty","LauderdaleCounty","LawrenceCounty","LeeCounty","LimestoneCounty","LowndesCounty","MaconCounty","MadisonCounty","MarengoCounty","MarionCounty","MarshallCounty","MobileCounty","MonroeCounty","MontgomeryCounty","MorganCounty","PerryCounty","PickensCounty","PikeCounty","RandolphCounty","RussellCounty","StClairCounty","ShelbyCounty","SumterCounty","TalladegaCounty","TallapoosaCounty","TuscaloosaCounty","WalkerCounty","WashingtonCounty","WilcoxCounty","WinstonCounty"
"AutaugaCounty",12.6,183.2,107.8,55.8,140.8,72.3,73.9,142,109.6,183.3,41.6,144.8,127.5,93,131.7,104.7,211.8,99.7,66.5,120.9,71.6,144.4,108.7,54.5,190.3,37.9,133.1,153.7,134.8,203.1,130.5,113.5,87.9,127.1,131.2,221.1,97.7,150.2,220.1,184,87.9,191.4,49.5,61.4,197,101.2,181.1,182.5,188.1,122.4,27.8,170.2,61.7,119.6,74.1,120.3,110.4,113.8,86.1,123.6,99.8,77.7,84.7,137.4,163.4,89.2,162
"BaldwinCounty",183.2,23.2,218.7,205,295.4,208.7,117.5,287.8,247.5,337.9,206.4,130.6,110.4,241.1,279.7,163.5,366.4,85,214.5,130.1,148.4,299.1,186.3,174.5,344.9,186,71.2,308.3,273.7,357.7,159.9,199.8,189.4,208.8,186.1,375.7,252.4,278.7,374.7,338.7,225.8,346,159.9,199.3,351.6,150.4,335.8,337.1,36.2,88.1,164.3,324.9,171.7,227.9,172.5,271.6,248.4,268.4,240.8,174,242.9,225.8,223.6,292,83.6,123.3,316.6
"BarbourCounty",107.8,218.7,15.5,161.2,216.6,43.2,102.5,176.8,101,208.6,127.5,210,193.9,135.4,166.5,60,287.6,135.1,124.3,96.9,72.5,220.2,55.3,132.2,266,95.7,168.6,229.4,244.2,278.8,85.7,210.5,191.7,44.8,65.7,296.9,173.5,255.5,295.9,259.8,73.6,267.2,111.5,62.9,272.8,188.5,256.9,258.3,223.6,157.9,80.8,246,165.2,224.9,48.4,130.8,54.6,181.4,161.9,210.9,150.6,97.9,190,213.1,228,146.3,237.8
"BibbCounty",55.8,205,161.2,12.9,84.8,125.6,127.2,114.1,155.4,137.3,44.2,117.2,113.3,122.4,123.5,158,158.3,153,82.7,174.2,125,90.9,162,61.1,144.3,85.6,163.7,107.7,90.7,146.7,183.8,69.4,53.4,180.4,184.6,175.1,44.2,106.1,166.6,130.5,141.2,137.9,99.4,114.7,143.5,75.7,124.8,114.2,190.6,118.7,81.1,116.7,34.4,75.5,127.5,141.5,163.8,84.6,55.3,96.6,87.3,119,40.6,80.7,149.2,84.2,105.7
"BlountCounty",140.8,295.4,216.6,84.8,13.1,181,186.1,74.6,144.2,71.1,100.9,196.9,196.2,87.1,88.1,216.9,102.8,211.9,96.3,233.1,183.9,37,220.9,133.5,78.1,134,245.3,41.5,87.8,104,242.7,127.9,127.3,239.3,243.5,69.9,41.6,116.9,111.1,75.1,151.5,73,162.7,170.1,58.8,160.3,105.9,34.5,300.4,201.6,140,55.3,117.4,133,186.4,106.2,183.1,39.5,68.8,155.1,67.9,115.1,98.1,56.8,232.2,167.2,75
"BullockCounty",72.3,208.7,43.2,125.6,181,12.9,99.4,141.7,77.1,173.4,92,186.4,169.1,100.3,131.3,66.7,252,125.2,88.7,93.3,62.8,184.6,64.2,96.7,230.5,60.2,158.6,193.9,208.6,243.3,92.5,175,156.1,79,86.8,261.3,138,220,260.3,224.3,55.4,231.6,75.9,27.8,237.2,153,221.4,222.7,213.7,147.9,45.2,210.5,129.6,189.4,44,101.2,49.3,147.9,126.3,175.4,117.1,62.8,154.5,177.6,218.1,122.6,202.2
"ButlerCounty",73.9,117.5,102.5,127.2,186.1,99.4,14.4,178.5,138.2,228.6,97.1,125.4,92.7,131.8,170.4,67.3,257.1,33.9,105.2,49.3,32.3,189.8,90.9,65.2,235.6,76.7,67.4,199,213.7,248.4,93.2,143.5,124.6,109.3,109.5,266.4,143.1,221.6,265.4,229.4,116.5,236.7,50.5,90,242.3,100.2,226.5,227.8,122.4,64.9,55,215.6,98.2,191,56.4,162.3,139.1,159.1,131.4,134.2,133.6,116.4,156.1,182.7,126.8,61.6,207.3
"CalhounCounty",142,287.8,176.8,114.1,74.6,141.7,178.5,12.7,85.8,41.5,102.2,226.3,225.6,49.4,29.7,200.8,155.2,204.3,77.6,225.4,175.6,89.3,204.7,152.9,72.5,109.3,237.7,33.2,143.6,156.3,226.6,157.2,156.6,195.8,227.3,103.3,72.9,172.7,163.5,127.4,105.3,125.4,155,117.1,104.9,189.6,156.3,67.7,292.7,224.5,126.2,107.6,146.7,162.3,170.2,47.7,134,45.9,78.5,184.4,46,87.5,127.4,112.6,261.5,191.9,127.4
"ChambersCounty",109.6,247.5,101,155.4,144.2,77.1,138.2,85.8,12.6,117.6,99.4,225.2,207.9,50.7,75.4,154.4,234.3,164,72.3,185.2,133.4,167,138.6,135.5,148.5,79,197.4,111.5,191,225.6,165.9,198.5,194.9,119.7,140.6,179.3,120.3,234.2,242.6,206.6,29.2,213.9,114.8,52.6,192.3,191.8,203.7,155,252.5,186.8,84,192.8,168.4,203.6,123.9,39.4,58,111.4,109.4,214.2,87.8,41.6,168.7,159.9,256.9,161.4,184.5
"CherokeeCounty",183.3,337.9,208.6,137.3,71.1,173.4,228.6,41.5,117.5,12.6,143.4,249.4,248.8,81.2,54.7,259.4,151.3,254.4,108.7,275.6,226.4,85.9,263.4,176.1,38.5,136.7,287.9,30.3,162.6,152.9,285.2,180.4,179.8,227.5,286,69.3,91.9,191.6,156.6,124,137.1,118.6,205.2,148.9,91.9,212.8,154.8,54.6,342.9,247.7,182.5,100.8,169.9,185.5,228.9,79.5,165.8,67.5,111.4,207.6,77.1,119.3,150.6,131.5,284.7,215.1,123.9
"ChiltonCounty",41.6,206.4,127.5,44.2,100.9,92,97.1,102.2,99.4,143.4,13.6,139.9,122.7,76.4,111.5,127.9,171.9,122.9,42,144.1,94.8,104.6,131.9,47,150.4,45,156.3,113.8,128.5,163.2,153.7,101.8,76.3,150.3,154.5,181.2,57.9,138.5,180.2,144.2,107.6,151.5,73.7,81.1,157.1,96.3,141.3,142.6,211.4,118.6,51,130.4,50.1,107.9,97.4,103.7,130.2,73.9,46.2,129,60,63,73,97.5,158.6,86,122.1
"ChoctawCounty",144.8,130.6,210,117.2,196.9,186.4,125.4,226.3,225.2,249.4,139.9,15.6,52.2,234.6,235.6,176,229.7,110.5,178.4,155.6,139.8,203.1,198.4,101.8,256.4,163.7,124.8,219.8,160,214.9,199.4,70.3,80.6,216.8,221,287.2,156.4,142.7,241.1,218.4,203.5,250,117.1,177,255.6,41.6,192,226.3,104.4,92.8,142,228.9,91.1,98.4,163.9,253.6,226.1,196.8,167.4,44.5,199.5,231.1,109.9,162.9,57.3,64.9,187.5
"ClarkeCounty",127.5,110.4,193.9,113.3,196.2,169.1,92.7,225.6,207.9,248.8,122.7,52.2,18.2,195.5,234.9,141.8,241.9,60.2,161.2,105.3,123.7,202.4,157.9,84.6,255.7,146.4,74.6,219.1,172.2,227.1,149.2,94.8,87.9,189.1,172.8,286.5,155.7,172.3,253.3,242,186.3,249.4,99.8,159.7,254.9,48.9,204.2,225.6,86.3,42.6,124.7,228.2,79.9,128,147.7,232,208.8,196.1,150.5,82.9,179.5,186.2,122.1,175.1,44.9,47.6,199.7
"ClayCounty",93,241.1,135.4,122.4,87.1,100.3,131.8,49.4,50.7,81.2,76.4,234.6,195.5,12.7,39.1,154.1,195.3,157.6,49.3,178.8,128.9,127.9,158.1,129.1,110.7,56,191,74.1,151.9,186.6,179.9,165.5,164.9,163.2,180.6,141.5,81.2,181,203.6,167.5,72.7,174.9,108.3,75.8,140.1,169.2,164.6,102.9,246.1,180.3,79.5,153.7,122.9,170.6,123.5,27.7,104.2,54.3,79.4,192.8,32.3,43,135.7,120.9,231.4,155,145.5
"CleburneCounty",131.7,279.7,166.5,123.5,88.1,131.3,170.4,29.7,75.4,54.7,111.5,235.6,234.9,39.1,12.2,192.7,196.3,196.2,86.9,217.4,167.6,129,196.7,162.3,85.6,94.6,229.6,55.4,153,187.6,218.5,166.6,166,185.4,219.3,116.4,82.3,182,204.6,168.6,94.9,152.6,147,106.8,136.2,199,165.7,98.9,284.7,219,118.1,154.8,156.1,171.7,162.2,37.4,124,55.3,87.9,193.8,55.3,77.2,136.8,121.9,270.9,201.2,146.5
"CoffeeCounty",104.7,163.5,60,158,216.9,66.7,67.3,200.8,154.4,259.4,127.9,176,141.8,154.1,192.7,13.4,287.9,83,127.5,36.5,38.5,220.6,28.7,116.4,266.4,99,116.4,229.8,244.6,279.2,34.6,194.7,175.9,61.2,44.9,297.2,173.9,252.4,296.2,260.2,132.7,267.5,88,91.8,273.1,150.8,257.3,258.6,171.5,114,77.7,246.4,149.4,221.8,35.4,178.5,108.9,189.9,162.3,184.8,155.9,138.8,186.9,213.5,175.9,112.3,238.1
"ColbertCounty",211.8,366.4,287.6,158.3,102.8,252,257.1,155.2,234.3,151.3,171.9,229.7,241.9,195.3,196.3,287.9,12.9,282.9,179.2,304.1,254.9,69.9,291.9,204.6,134.6,205,316.3,119.4,84.6,28.7,313.7,160.7,160.1,310.3,314.5,120.2,114.2,88.1,20.9,29.3,234.4,55.9,233.7,241.1,70.6,193.1,60.2,99.9,371.4,275.1,211,56.5,190.9,129.5,257.4,214.4,266,140.7,139.9,187.9,166.3,198,123,83.8,285.9,240.7,59.9
"ConecuhCounty",99.7,85,135.1,153,211.9,125.2,33.9,204.3,164,254.4,122.9,110.5,60.2,157.6,196.2,83,282.9,15,131,45.5,64.9,215.5,98.2,91,261.4,102.4,34.9,224.8,239.5,274.2,89.4,146.1,137.2,129.3,113,292.2,168.9,247.4,291.2,255.1,142.3,262.5,76.3,115.8,268.1,100.2,252.3,253.6,90,32.4,80.8,241.4,110.7,179.3,89,188.1,164.9,184.9,157.2,134.2,159.4,142.2,181.9,208.5,94.3,65.3,233.1
"CoosaCounty",66.5,214.5,124.3,82.7,96.3,88.7,105.2,77.6,72.3,108.7,42,178.4,161.2,49.3,86.9,127.5,179.2,131,13.3,152.2,102.4,111.8,131.5,85.5,122.3,35.4,164.4,85.7,135.8,170.5,153.3,143.4,114.8,149.9,154.1,153.1,65.2,179.1,187.5,151.4,72.4,158.8,81.8,71.5,164.4,134.8,148.6,114.5,219.5,153.8,52.9,137.7,88.6,148.5,97,76.6,104,63.5,54.2,170.6,32.7,36,113.5,104.8,197.1,128.4,129.4
"CovingtonCounty",120.9,130.1,96.9,174.2,233.1,93.3,49.3,225.4,185.2,275.6,144.1,155.6,105.3,178.8,217.4,36.5,304.1,45.5,152.2,16.6,46.3,236.7,58.6,112.2,282.6,123.7,73.1,246,260.7,295.4,49.9,188.3,171.6,89.8,73.5,313.4,190.1,268.6,312.4,276.4,163.5,283.7,97.5,137,289.3,142.4,273.5,274.8,135.1,77.5,102,262.6,145.1,238,58.5,209.3,139.9,206.1,178.4,176.4,180.6,163.4,203.1,229.7,139.4,103.8,254.3
"CrenshawCounty",71.6,148.4,72.5,125,183.9,62.8,32.3,175.6,133.4,226.4,94.8,139.8,123.7,128.9,167.6,38.5,254.9,64.9,102.4,46.3,12.7,187.5,60.9,80.2,233.4,73.8,98.4,196.7,211.5,246.1,70.5,158.5,139.7,79.3,83.5,264.2,140.8,219.3,263.1,227.1,111.8,234.5,51.8,85.3,240.1,114.7,224.2,225.6,153.4,87.7,50.3,213.3,113.2,188.7,26.4,157.6,105.4,156.8,129.2,148.6,130.7,113.6,153.8,180.4,157.8,76.1,205.1
"CullmanCounty",144.4,299.1,220.2,90.9,37,184.6,189.8,89.3,167,85.9,104.6,203.1,202.4,127.9,129,220.6,69.9,215.5,111.8,236.7,187.5,14.1,224.5,137.2,76.2,137.6,249,53.5,72.3,71,246.4,134,133.4,242.9,247.1,74.9,46.8,101.3,78.2,42.1,167.1,49.5,166.3,173.8,55.1,166.4,76.5,39.5,304,207.8,143.7,28.3,123.5,139.1,190,147,198.6,90.1,72.5,161.2,98.9,130.6,104.2,41.2,238.3,173.4,45.7
"DaleCounty",108.7,186.3,55.3,162,220.9,64.2,90.9,204.7,138.6,263.4,131.9,198.4,157.9,158.1,196.7,28.7,291.9,98.2,131.5,58.6,60.9,224.5,12.2,133.2,270.4,102.9,132.6,233.8,248.5,283.2,34.2,211.4,192.6,36.1,26.5,301.2,177.9,256.4,300.2,264.1,116.9,271.5,112.4,89.2,277.1,173.2,261.3,262.6,187.7,130.2,81.7,250.4,166.1,225.8,36.7,162.7,99.2,193.9,166.2,211.9,159.9,142.7,190.8,217.5,192.1,134.6,242.1
"DallasCounty",54.5,174.5,132.2,61.1,133.5,96.7,65.2,152.9,135.5,176.1,47,101.8,84.6,129.1,162.3,116.4,204.6,91,85.5,112.2,80.2,137.2,133.2,16.2,183,73.9,124.4,146.4,140.1,195.8,155,84.7,65.8,151.6,155.8,213.9,90.5,155.5,212.8,176.8,113.8,184.2,44.6,87.3,189.8,62.7,172.1,175.2,161.9,78,52.3,163,39.4,117.9,98.7,159.6,136.4,123.4,78.9,85.1,103.4,113.7,90,130.1,120.5,45.4,154.7
"DeKalbCounty",190.3,344.9,266,144.3,78.1,230.5,235.6,72.5,148.5,38.5,150.4,256.4,255.7,110.7,85.6,266.4,134.6,261.4,122.3,282.6,233.4,76.2,270.4,183,14.4,154,294.8,42.9,148.9,143.6,292.2,187.4,186.8,288.8,293,32.3,98.9,178,126,114.6,177.5,87.9,212.2,181.8,65.1,219.8,145.2,40.3,349.9,254.6,189.5,93.4,176.9,192.5,235.9,110.5,209.1,74.5,118.3,214.6,90.7,141.1,157.6,117.9,291.7,222,114.3
"ElmoreCounty",37.9,186,95.7,85.6,134,60.2,76.7,109.3,79,136.7,45,163.7,146.4,56,94.6,99,205,102.4,35.4,123.7,73.8,137.6,102.9,73.9,154,13.2,135.9,117.4,161.6,196.2,124.8,150.4,121.8,121.3,125.5,184.8,90.9,187.2,213.3,177.2,69.5,184.6,53.2,43,190.2,118.7,174.3,146.2,190.9,125.2,24.4,163.4,95.3,156.5,68.4,83.3,92,95.2,79.3,141,64.4,42.7,121.6,130.6,195.3,99.9,155.2
"EscambiaCounty",133.1,71.2,168.6,163.7,245.3,158.6,67.4,237.7,197.4,287.9,156.3,124.8,74.6,191,229.6,116.4,316.3,34.9,164.4,73.1,98.4,249,132.6,124.4,294.8,135.9,15.9,258.2,273,307.6,123.9,160.4,153.5,163.8,147.5,325.6,202.3,237.9,324.6,288.6,175.7,296,109.8,149.2,301.5,114.5,285.7,287,76.2,46.8,114.2,274.8,130.4,193.6,122.4,221.5,198.3,218.3,190.7,148.5,192.8,175.7,190.6,241.9,104.8,82,266.5
"EtowahCounty",153.7,308.3,229.4,107.7,41.5,193.9,199,33.2,111.5,30.3,113.8,219.8,219.1,74.1,55.4,229.8,119.4,224.8,85.7,246,196.7,53.5,233.8,146.4,42.9,117.4,258.2,12.1,132.9,120.6,255.6,150.8,150.2,252.2,256.4,73.7,62.3,162,127.7,91.7,140.9,89.6,175.6,145.2,72.7,183.2,122.5,35.4,313.3,218,152.9,71.9,140.3,155.9,199.3,73.4,172.4,37.9,81.7,178,54.1,104.4,121,101.9,255.1,185.4,91.6
"FayetteCounty",134.8,273.7,244.2,90.7,87.8,208.6,213.7,143.6,191,162.6,128.5,160,172.2,151.9,153,244.6,84.6,239.5,135.8,260.7,211.5,72.3,248.5,140.1,148.9,161.6,273,132.9,12.9,69.7,270.3,90.9,90.3,266.9,271.1,147.6,71.7,31.6,95.9,73.2,191.1,105.1,190.3,197.8,114.8,123.4,43.8,112.2,249.6,195.6,167.6,98.1,111.3,49.7,214,171,222.6,114.1,96.5,118.2,122.9,154.6,53.3,32.3,216.2,161.2,42.3
"FranklinCounty",203.1,357.7,278.8,146.7,104,243.3,248.4,156.3,225.6,152.9,163.2,214.9,227.1,186.6,187.6,279.2,28.7,274.2,170.5,295.4,246.1,71,283.2,195.8,143.6,196.2,307.6,120.6,69.7,13.1,305,145.9,145.2,301.6,305.8,129.2,115.3,73.2,40.1,38.2,225.7,69.8,224.9,232.4,79.6,178.3,45.4,102.3,304.5,250.5,202.3,62.7,166.2,114.6,248.6,205.6,257.2,141.9,131.1,173.1,157.6,189.2,108.2,69,271.1,216.1,54.1
"GenevaCounty",130.5,159.9,85.7,183.8,242.7,92.5,93.2,226.6,165.9,285.2,153.7,199.4,149.2,179.9,218.5,34.6,313.7,89.4,153.3,49.9,70.5,246.4,34.2,155,292.2,124.8,123.9,255.6,270.3,305,12.4,233.3,214.4,51.8,32.3,323,199.7,278.2,322,286,138.4,293.3,120,117.6,298.9,182.8,283.1,284.4,185.6,121.4,103.5,272.2,187.9,247.6,61.2,204.3,119.5,215.7,188,216.8,181.7,164.6,212.7,239.3,183.3,144.2,263.9
"GreeneCounty",113.5,199.8,210.5,69.4,127.9,175,143.5,157.2,198.5,180.4,101.8,70.3,94.8,165.5,166.6,194.7,160.7,146.1,143.4,188.3,158.5,134,211.4,84.7,187.4,150.4,160.4,150.8,90.9,145.9,233.3,13.2,26,229.9,234,218.2,87.3,84,172.1,149.3,198.6,181,122.9,165.6,186.6,46,122.9,157.3,173.6,124.3,130.6,159.8,49.4,39.6,176.9,184.6,230.1,127.8,98.4,28.5,130.4,162.1,40.8,93.9,126.5,89.9,118.5
"HaleCounty",87.9,189.4,191.7,53.4,127.3,156.1,124.6,156.6,194.9,179.8,76.3,80.6,87.9,164.9,166,175.9,160.1,137.2,114.8,171.6,139.7,133.4,192.6,65.8,186.8,121.8,153.5,150.2,90.3,145.2,214.4,26,13.2,211,215.2,217.6,86.7,105.8,171.5,148.7,173.2,180.4,104.1,146.7,186,39.1,122.3,156.7,165.3,111.8,111.7,159.2,30.6,59.2,158.1,184,195.8,127.1,97.8,53.2,129.8,161.5,40.2,93.3,123.9,77.3,117.9
"HenryCounty",127.1,208.8,44.8,180.4,239.3,79,109.3,195.8,119.7,227.5,150.3,216.8,189.1,163.2,185.4,61.2,310.3,129.3,149.9,89.8,79.3,242.9,36.1,151.6,288.8,121.3,163.8,252.2,266.9,301.6,51.8,229.9,211,12.3,26.4,319.6,196.3,274.8,318.6,282.5,92.2,289.9,130.8,98.7,295.5,191.6,279.7,281,218.9,161.3,100.1,268.8,184.5,244.2,55.1,149.4,73.3,212.3,184.6,230.3,178.3,132.2,209.3,235.9,223.2,153,260.5
"HoustonCounty",131.2,186.1,65.7,184.6,243.5,86.8,109.5,227.3,140.6,286,154.5,221,172.8,180.6,219.3,44.9,314.5,113,154.1,73.5,83.5,247.1,26.5,155.8,293,125.5,147.5,256.4,271.1,305.8,32.3,234,215.2,26.4,12.4,323.8,200.4,279,322.8,286.7,113.1,294.1,135,111.8,299.7,195.8,283.8,285.2,211.8,145,104.3,272.9,188.7,248.3,59.3,170.3,94.1,216.4,188.8,234.4,182.4,153.1,213.4,240.1,206.9,157.2,264.7
"JacksonCounty",221.1,375.7,296.9,175.1,69.9,261.3,266.4,103.3,179.3,69.3,181.2,287.2,286.5,141.5,116.4,297.2,120.2,292.2,153.1,313.4,264.2,74.9,301.2,213.9,32.3,184.8,325.6,73.7,147.6,129.2,323,218.2,217.6,319.6,323.8,17.3,106.4,188.6,111.6,100.3,208.3,73.6,243,212.6,50.7,250.6,154.3,39.3,380.7,285.5,220.3,79,207.7,223.3,266.7,141.3,239.9,105.3,149.2,245.4,121.5,171.9,188.4,116.5,322.5,252.8,123.4
"JeffersonCounty",97.7,252.4,173.5,44.2,41.6,138,143.1,72.9,120.3,91.9,57.9,156.4,155.7,81.2,82.3,173.9,114.2,168.9,65.2,190.1,140.8,46.8,177.9,90.5,98.9,90.9,202.3,62.3,71.7,115.3,199.7,87.3,86.7,196.3,200.4,106.4,17.3,100.8,122.5,86.4,120.4,93.8,119.6,127.1,99.4,119.8,84.4,71,257.4,161.1,97,72.6,76.8,92.4,143.3,100.3,151.9,43.5,25.8,114.6,52.2,83.9,57.5,40.7,191.6,126.7,65.3
"LamarCounty",150.2,278.7,255.5,106.1,116.9,220,221.6,172.7,234.2,191.6,138.5,142.7,172.3,181,182,252.4,88.1,247.4,179.1,268.6,219.3,101.3,256.4,155.5,178,187.2,237.9,162,31.6,73.2,278.2,84,105.8,274.8,279,188.6,100.8,12.7,99.5,97.6,234.3,129.2,193.8,209.1,139,123.5,43.8,141.2,252.5,211,175.5,122,126.8,45,221.9,200.1,265.9,143.2,134.1,111.2,166.2,197.9,68.7,61.4,198.9,176.6,70
"LauderdaleCounty",220.1,374.7,295.9,166.6,111.1,260.3,265.4,163.5,242.6,156.6,180.2,241.1,253.3,203.6,204.6,296.2,20.9,291.2,187.5,312.4,263.1,78.2,300.2,212.8,126,213.3,324.6,127.7,95.9,40.1,322,172.1,171.5,318.6,322.8,111.6,122.5,99.5,13.8,37.6,242.7,41,242,249.4,65.2,204.5,71.6,105.3,379.7,283.4,219.3,61.9,199.2,140.9,265.7,222.7,274.3,149,148.1,199.3,174.6,206.3,134.4,95.2,297.3,249,68.2
"LawrenceCounty",184,338.7,259.8,130.5,75.1,224.3,229.4,127.4,206.6,124,144.2,218.4,242,167.5,168.6,260.2,29.3,255.1,151.4,276.4,227.1,42.1,264.1,176.8,114.6,177.2,288.6,91.7,73.2,38.2,286,149.3,148.7,282.5,286.7,100.3,86.4,97.6,37.6,13.8,206.7,40.9,205.9,213.4,50.7,181.8,63,73.4,343.6,247.4,183.3,33.7,163.1,120.4,229.6,186.6,238.2,112.9,112.1,176.5,138.5,170.2,111.7,58.8,277.9,213,32.2
"LeeCounty",87.9,225.8,73.6,141.2,151.5,55.4,116.5,105.3,29.2,137.1,107.6,203.5,186.3,72.7,94.9,132.7,234.4,142.3,72.4,163.5,111.8,167.1,116.9,113.8,177.5,69.5,175.7,140.9,191.1,225.7,138.4,198.6,173.2,92.2,113.1,208.3,120.4,234.3,242.7,206.7,12.8,214.1,93.1,30.9,219.6,170.1,203.8,169.7,230.8,165.1,62.3,192.9,146.8,203.7,102.2,58.9,32.6,118.7,109.5,192.5,87.9,41.8,168.8,160,235.2,139.7,184.6
"LimestoneCounty",191.4,346,267.2,137.9,73,231.6,236.7,125.4,213.9,118.6,151.5,250,249.4,174.9,152.6,267.5,55.9,262.5,158.8,283.7,234.5,49.5,271.5,184.2,87.9,184.6,296,89.6,105.1,69.8,293.3,181,180.4,289.9,294.1,73.6,93.8,129.2,41,40.9,214.1,12.7,213.3,220.7,27.1,213.4,94.9,67.2,351,254.8,190.6,23.8,170.5,152.3,237,170.6,245.6,110.9,119.5,208.2,145.9,177.6,151.2,88.2,285.3,220.4,64
"LowndesCounty",49.5,159.9,111.5,99.4,162.7,75.9,50.5,155,114.8,205.2,73.7,117.1,99.8,108.3,147,88,233.7,76.3,81.8,97.5,51.8,166.3,112.4,44.6,212.2,53.2,109.8,175.6,190.3,224.9,120,122.9,104.1,130.8,135,243,119.6,193.8,242,205.9,93.1,213.3,13.9,66.6,218.9,91.9,203,204.4,164.8,80.9,31.6,192.1,77.6,156.1,77.9,138.9,115.6,135.6,108,123.3,110.1,93,128.2,159.2,135.7,53.3,183.9
"MaconCounty",61.4,199.3,62.9,114.7,170.1,27.8,90,117.1,52.6,148.9,81.1,177,159.7,75.8,106.8,91.8,241.1,115.8,71.5,137,85.3,173.8,89.2,87.3,181.8,43,149.2,145.2,197.8,232.4,117.6,165.6,146.7,98.7,111.8,212.6,127.1,209.1,249.4,213.4,30.9,220.7,66.6,12.7,226.3,143.6,210.5,174,204.3,138.6,35.8,199.6,120.3,178.5,75.7,76.7,51.3,123,115.4,166,92.2,38.3,143.6,166.7,208.7,113.2,191.3
"MadisonCounty",197,351.6,272.8,143.5,58.8,237.2,242.3,104.9,192.3,91.9,157.1,255.6,254.9,140.1,136.2,273.1,70.6,268.1,164.4,289.3,240.1,55.1,277.1,189.8,65.1,190.2,301.5,72.7,114.8,79.6,298.9,186.6,186,295.5,299.7,50.7,99.4,139,65.2,50.7,219.6,27.1,218.9,226.3,14.7,219,104.7,41.1,356.6,260.4,196.2,29.4,176.1,162.1,242.6,154.2,251.2,96.6,125.1,213.8,120.2,183.2,156.8,93.8,290.9,225.9,73.8
"MarengoCounty",101.2,150.4,188.5,75.7,160.3,153,100.2,189.6,191.8,212.8,96.3,41.6,48.9,169.2,199,150.8,193.1,100.2,134.8,142.4,114.7,166.4,173.2,62.7,219.8,118.7,114.5,183.2,123.4,178.3,182.8,46,39.1,191.6,195.8,250.6,119.8,123.5,204.5,181.8,170.1,213.4,91.9,143.6,219,16.1,155.4,189.7,126.3,78.4,108.6,192.3,49.5,79.2,138.7,217,192.7,160.2,112.9,37.5,142,158.4,73.3,126.3,84.9,44,150.9
"MarionCounty",181.1,335.8,256.9,124.8,105.9,221.4,226.5,156.3,203.7,154.8,141.3,192,204.2,164.6,165.7,257.3,60.2,252.3,148.6,273.5,224.2,76.5,261.3,172.1,145.2,174.3,285.7,122.5,43.8,45.4,283.1,122.9,122.3,279.7,283.8,154.3,84.4,43.8,71.6,63,203.8,94.9,203,210.5,104.7,155.4,14,108.4,281.5,227.6,180.4,87.7,143.3,85,226.7,183.7,235.3,126.8,109.2,150.1,135.6,167.3,85.3,47.1,248.2,193.2,32.2
"MarshallCounty",182.5,337.1,258.3,114.2,34.5,222.7,227.8,67.7,155,54.6,142.6,226.3,225.6,102.9,98.9,258.6,99.9,253.6,114.5,274.8,225.6,39.5,262.6,175.2,40.3,146.2,287,35.4,112.2,102.3,284.4,157.3,156.7,281,285.2,39.3,71,141.2,105.3,73.4,169.7,67.2,204.4,174,41.1,189.7,108.4,12.8,342.1,231,181.7,49.5,146.8,162.4,228.1,117,201.3,66.7,110.6,184.5,82.9,133.3,127.5,81.1,261.6,196.6,77.5
"MobileCounty",188.1,36.2,223.6,190.6,300.4,213.7,122.4,292.7,252.5,342.9,211.4,104.4,86.3,246.1,284.7,171.5,371.4,90,219.5,135.1,153.4,304,187.7,161.9,349.9,190.9,76.2,313.3,249.6,304.5,185.6,173.6,165.3,218.9,211.8,380.7,257.4,252.5,379.7,343.6,230.8,351,164.8,204.3,356.6,126.3,281.5,342.1,20.9,93,169.3,329.9,157.2,201.6,177.4,276.6,253.4,273.4,245.7,147.8,247.9,230.7,199.4,297,59.5,125,277.1
"MonroeCounty",122.4,88.1,157.9,118.7,201.6,147.9,64.9,224.5,186.8,247.7,118.6,92.8,42.6,180.3,219,114,275.1,32.4,153.8,77.5,87.7,207.8,130.2,78,254.6,125.2,46.8,218,195.6,250.5,121.4,124.3,111.8,161.3,145,285.5,161.1,211,283.4,247.4,165.1,254.8,80.9,138.6,260.4,78.4,227.6,231,93,16.6,103.6,233.6,85.3,157.5,111.7,210.9,187.6,195,150.5,112.4,182.1,165,145.5,197.5,76.7,37,223.1
"MontgomeryCounty",27.8,164.3,80.8,81.1,140,45.2,55,126.2,84,182.5,51,142,124.7,79.5,118.1,77.7,211,80.8,52.9,102,50.3,143.7,81.7,52.3,189.5,24.4,114.2,152.9,167.6,202.3,103.5,130.6,111.7,100.1,104.3,220.3,97,175.5,219.3,183.3,62.3,190.6,31.6,35.8,196.2,108.6,180.4,181.7,169.3,103.6,14.6,169.5,85.3,144.9,47.2,108.1,84.9,113,85.3,131,81.3,64.2,110,136.6,173.7,78.2,161.2
"MorganCounty",170.2,324.9,246,116.7,55.3,210.5,215.6,107.6,192.8,100.8,130.4,228.9,228.2,153.7,154.8,246.4,56.5,241.4,137.7,262.6,213.3,28.3,250.4,163,93.4,163.4,274.8,71.9,98.1,62.7,272.2,159.8,159.2,268.8,272.9,79,72.6,122,61.9,33.7,192.9,23.8,192.1,199.6,29.4,192.3,87.7,49.5,329.9,233.6,169.5,12.6,149.3,164.9,215.8,172.8,224.4,93.2,98.3,187.1,124.7,156.4,130,67.1,264.1,199.2,56.9
"PerryCounty",61.7,171.7,165.2,34.4,117.4,129.6,98.2,146.7,168.4,169.9,50.1,91.1,79.9,122.9,156.1,149.4,190.9,110.7,88.6,145.1,113.2,123.5,166.1,39.4,176.9,95.3,130.4,140.3,111.3,166.2,187.9,49.4,30.6,184.5,188.7,207.7,76.8,126.8,199.2,163.1,146.8,170.5,77.6,120.3,176.1,49.5,143.3,146.8,157.2,85.3,85.3,149.3,13.8,82.6,131.6,174.1,169.3,117.2,71.6,71.9,100.6,109.6,61.2,113.3,115.8,50.9,138.9
"PickensCounty",119.6,227.9,224.9,75.5,133,189.4,191,162.3,203.6,185.5,107.9,98.4,128,170.6,171.7,221.8,129.5,179.3,148.5,238,188.7,139.1,225.8,117.9,192.5,156.5,193.6,155.9,49.7,114.6,247.6,39.6,59.2,244.2,248.3,223.3,92.4,45,140.9,120.4,203.7,152.3,156.1,178.5,162.1,79.2,85,162.4,201.6,157.5,144.9,164.9,82.6,15.3,191.2,189.7,235.2,132.9,103.5,66.8,135.5,167.2,38.1,79.5,154.6,123.1,89.6
"PikeCounty",74.1,172.5,48.4,127.5,186.4,44,56.4,170.2,123.9,228.9,97.4,163.9,147.7,123.5,162.2,35.4,257.4,89,97,58.5,26.4,190,36.7,98.7,235.9,68.4,122.4,199.3,214,248.6,61.2,176.9,158.1,55.1,59.3,266.7,143.3,221.9,265.7,229.6,102.2,237,77.9,75.7,242.6,138.7,226.7,228.1,177.4,111.7,47.2,215.8,131.6,191.2,13.3,148,84.5,159.3,131.7,177.3,125.3,108.2,156.3,182.9,181.8,100.1,207.6
"RandolphCounty",120.3,271.6,130.8,141.5,106.2,101.2,162.3,47.7,39.4,79.5,103.7,253.6,232,27.7,37.4,178.5,214.4,188.1,76.6,209.3,157.6,147,162.7,159.6,110.5,83.3,221.5,73.4,171,205.6,204.3,184.6,184,149.4,170.3,141.3,100.3,200.1,222.7,186.6,58.9,170.6,138.9,76.7,154.2,217,183.7,117,276.6,210.9,108.1,172.8,174.1,189.7,148,12.4,87.7,73.3,105.9,211.8,57.8,63,154.8,139.9,281,185.5,164.6
"RussellCounty",110.4,248.4,54.6,163.8,183.1,49.3,139.1,134,58,165.8,130.2,226.1,208.8,104.2,124,108.9,266,164.9,104,139.9,105.4,198.6,99.2,136.4,209.1,92,198.3,172.4,222.6,257.2,119.5,230.1,195.8,73.3,94.1,239.9,151.9,265.9,274.3,238.2,32.6,245.6,115.6,51.3,251.2,192.7,235.3,201.3,253.4,187.6,84.9,224.4,169.3,235.2,84.5,87.7,13.1,150.2,141,215.1,119.4,73.3,200.3,191.5,257.7,162.3,216.2
"StClairCounty",113.8,268.4,181.4,84.6,39.5,147.9,159.1,45.9,111.4,67.5,73.9,196.8,196.1,54.3,55.3,189.9,140.7,184.9,63.5,206.1,156.8,90.1,193.9,123.4,74.5,95.2,218.3,37.9,114.1,141.9,215.7,127.8,127.1,212.3,216.4,105.3,43.5,143.2,149,112.9,118.7,110.9,135.6,123,96.6,160.2,126.8,66.7,273.4,195,113,93.2,117.2,132.9,159.3,73.3,150.2,13.2,49,155,35.1,82.2,97.9,83.1,232,162.4,107.7
"ShelbyCounty",86.1,240.8,161.9,55.3,68.8,126.3,131.4,78.5,109.4,111.4,46.2,167.4,150.5,79.4,87.9,162.3,139.9,157.2,54.2,178.4,129.2,72.5,166.2,78.9,118.3,79.3,190.7,81.7,96.5,131.1,188,98.4,97.8,184.6,188.8,149.2,25.8,134.1,148.1,112.1,109.5,119.5,108,115.4,125.1,112.9,109.2,110.6,245.7,150.5,85.3,98.3,71.6,103.5,131.7,105.9,141,49,14.6,125.6,41.3,73,68.6,65.4,186.4,117.9,90.1
"SumterCounty",123.6,174,210.9,96.6,155.1,175.4,134.2,184.4,214.2,207.6,129,44.5,82.9,192.8,193.8,184.8,187.9,134.2,170.6,176.4,148.6,161.2,211.9,85.1,214.6,141,148.5,178,118.2,173.1,216.8,28.5,53.2,230.3,234.4,245.4,114.6,111.2,199.3,176.5,192.5,208.2,123.3,166,213.8,37.5,150.1,184.5,147.8,112.4,131,187.1,71.9,66.8,177.3,211.8,215.1,155,125.6,15.6,157.6,189.3,68,121.1,100.7,78,145.7
"TalladegaCounty",99.8,242.9,150.6,87.3,67.9,117.1,133.6,46,87.8,77.1,60,199.5,179.5,32.3,55.3,155.9,166.3,159.4,32.7,180.6,130.7,98.9,159.9,103.4,90.7,64.4,192.8,54.1,122.9,157.6,181.7,130.4,129.8,178.3,182.4,121.5,52.2,166.2,174.6,138.5,87.9,145.9,110.1,92.2,120.2,142,135.6,82.9,247.9,182.1,81.3,124.7,100.6,135.5,125.3,57.8,119.4,35.1,41.3,157.6,14.2,51.4,100.6,91.9,215.4,142.4,116.5
"TallapoosaCounty",77.7,225.8,97.9,119,115.1,62.8,116.4,87.5,41.6,119.3,63,231.1,186.2,43,77.2,138.8,198,142.2,36,163.4,113.6,130.6,142.7,113.7,141.1,42.7,175.7,104.4,154.6,189.2,164.6,162.1,161.5,132.2,153.1,171.9,83.9,197.9,206.3,170.2,41.8,177.6,93,38.3,183.2,158.4,167.3,133.3,230.7,165,64.2,156.4,109.6,167.2,108.2,63,73.3,82.2,73,189.3,51.4,14.2,132.3,123.5,235.1,139.7,148.2
"TuscaloosaCounty",84.7,223.6,190,40.6,98.1,154.5,156.1,127.4,168.7,150.6,73,109.9,122.1,135.7,136.8,186.9,123,181.9,113.5,203.1,153.8,104.2,190.8,90,157.6,121.6,190.6,121,53.3,108.2,212.7,40.8,40.2,209.3,213.4,188.4,57.5,68.7,134.4,111.7,168.8,151.2,128.2,143.6,156.8,73.3,85.3,127.5,199.4,145.5,110,130,61.2,38.1,156.3,154.8,200.3,97.9,68.6,68,100.6,132.3,18.9,56.2,166.1,111.1,80.8
"WalkerCounty",137.4,292,213.1,80.7,56.8,177.6,182.7,112.6,159.9,131.5,97.5,162.9,175.1,120.9,121.9,213.5,83.8,208.5,104.8,229.7,180.4,41.2,217.5,130.1,117.9,130.6,241.9,101.9,32.3,69,239.3,93.9,93.3,235.9,240.1,116.5,40.7,61.4,95.2,58.8,160,88.2,159.2,166.7,93.8,126.3,47.1,81.1,297,197.5,136.6,67.1,113.3,79.5,182.9,139.9,191.5,83.1,65.4,121.1,91.9,123.5,56.2,14.6,219.1,163.1,27.9
"WashingtonCounty",163.4,83.6,228,149.2,232.2,218.1,126.8,261.5,256.9,284.7,158.6,57.3,44.9,231.4,270.9,175.9,285.9,94.3,197.1,139.4,157.8,238.3,192.1,120.5,291.7,195.3,104.8,255.1,216.2,271.1,183.3,126.5,123.9,223.2,206.9,322.5,191.6,198.9,297.3,277.9,235.2,285.3,135.7,208.7,290.9,84.9,248.2,261.6,59.5,76.7,173.7,264.1,115.8,154.6,181.8,281,257.7,232,186.4,100.7,215.4,235.1,166.1,219.1,17,83.6,243.7
"WilcoxCounty",89.2,123.3,146.3,84.2,167.2,122.6,61.6,191.9,161.4,215.1,86,64.9,47.6,155,201.2,112.3,240.7,65.3,128.4,103.8,76.1,173.4,134.6,45.4,222,99.9,82,185.4,161.2,216.1,144.2,89.9,77.3,153,157.2,252.8,126.7,176.6,249,213,139.7,220.4,53.3,113.2,225.9,44,193.2,196.6,125,37,78.2,199.2,50.9,123.1,100.1,185.5,162.3,162.4,117.9,78,142.4,139.7,111.1,163.1,83.6,15.5,188.7
"WinstonCounty",162,316.6,237.8,105.7,75,202.2,207.3,127.4,184.5,123.9,122.1,187.5,199.7,145.5,146.5,238.1,59.9,233.1,129.4,254.3,205.1,45.7,242.1,154.7,114.3,155.2,266.5,91.6,42.3,54.1,263.9,118.5,117.9,260.5,264.7,123.4,65.3,70,68.2,32.2,184.6,64,183.9,191.3,73.8,150.9,32.2,77.5,277.1,223.1,161.2,56.9,138.9,89.6,207.6,164.6,216.2,107.7,90.1,145.7,116.5,148.2,80.8,27.9,243.7,188.7,12.9
