"County","AdairCounty","AllenCounty","AndersonCounty","BallardCounty","BarrenCounty","BathCounty","BellCounty","BooneCounty","BourbonCounty","BoydCounty","BoyleCounty","BrackenCounty","BreathittCounty","BreckinridgeCounty","BullittCounty","ButlerCounty","CaldwellCounty","CallowayCounty","CampbellCounty","CarlisleCounty","CarrollCounty","CarterCounty","CaseyCounty","ChristianCounty","ClarkCounty","ClayCounty","ClintonCounty","CrittendenCounty","CumberlandCounty","DaviessCounty","EdmonsonCounty","ElliottCounty","EstillCounty","FayetteCounty","FlemingCounty","FloydCounty","FranklinCounty","FultonCounty","GallatinCounty","GarrardCounty","GrantCounty","GravesCounty","GraysonCounty","GreenCounty","GreenupCounty","HancockCounty","HardinCounty","HarlanCounty","HarrisonCounty","HartCounty","HendersonCounty","HenryCounty","HickmanCounty","HopkinsCounty","JacksonCounty","JeffersonCounty","JessamineCounty","JohnsonCounty","KentonCounty","KnottCounty","KnoxCounty","LarueCounty","LaurelCounty","LawrenceCounty","LeeCounty","LeslieCounty","LetcherCounty","LewisCounty","LincolnCounty","LivingstonCounty","LoganCounty","LyonCounty","McCrackenCounty","McCrearyCounty","McLeanCounty","MadisonCounty","MagoffinCounty","MarionCounty","MarshallCounty","MartinCounty","MasonCounty","MeadeCounty","MenifeeCounty","MercerCounty","MetcalfeCounty","MonroeCounty","MontgomeryCounty","MorganCounty","MuhlenbergCounty","NelsonCounty","NicholasCounty","OhioCounty","OldhamCounty","OwenCounty","OwsleyCounty","PendletonCounty","PerryCounty","PikeCounty","PowellCounty","PulaskiCounty","RobertsonCounty","RockcastleCounty","RowanCounty","RussellCounty","ScottCounty","ShelbyCounty","SimpsonCounty","SpencerCounty","TaylorCounty","ToddCounty","TriggCounty","TrimbleCounty","UnionCounty","WarrenCounty","WashingtonCounty","WayneCounty","WebsterCounty","WhitleyCounty","WolfeCounty","WoodfordCounty"
"AdairCounty",10.4,62.9,88.9,235.4,40.5,147.5,125.7,175.4,121.5,215.6,66.5,173.8,157,112,87.1,95.1,176.1,194.2,189.4,241.1,149.8,191.1,35.2,136.1,118.3,100.6,47.8,194.3,34.7,141.2,78,206.2,117.3,96.5,167.1,171.4,101,250.9,149.2,71,150.2,211.1,92.5,25.7,220.5,138.7,68.2,158.3,139.7,47.5,169.6,121.4,252.9,159.2,110.8,101.6,84.3,193.9,180.7,152.9,102.3,48,77.8,225.6,128.1,128,167.1,202.4,71.5,200.1,101.2,179.5,214.1,71.9,152.3,96.8,189.8,39.8,202.4,206.5,162.5,89.1,159.6,74,26.3,50.5,139.2,181.3,132.5,66.3,138.3,116.4,122,132.6,127.3,160.5,135.2,210,136.5,43.5,159.2,70.4,165.1,21.3,117.9,106.6,92,85.6,22.6,118,164.4,147.7,198,71.5,53.8,70.5,178.7,94.8,160.4,98.2
"AllenCounty",62.9,9.7,143.9,186.5,23.5,208.6,183.4,207.1,181.1,276.7,127.7,228.8,214.6,90.9,103.7,46.9,127.9,145.3,221.1,192.2,166.4,252.2,96.4,87.2,183.1,158.2,79.6,146.1,60.1,93,42.8,267.4,174.9,163.6,228.2,229,156,202.1,182.1,132.2,205.3,162.2,63.3,60.9,281.7,119.5,84.8,215.9,194.8,51.4,121.4,160.1,204,111,168.4,118.2,145.6,251.5,212.4,210.6,159.9,79,135.4,283.3,185.8,185.6,224.7,263.5,129.1,151.2,52.3,130.6,165.2,129.5,104.1,154.4,258.5,91.9,153.5,264.1,222.1,105.7,220.7,135.2,41.1,49.4,200.3,249.9,84.3,100.8,198,68.2,138.6,187.6,184.9,215.5,192.8,267.6,205.1,101.1,214.2,128.1,226.2,78.9,173,145.3,24.9,124.4,74.7,69.2,115.5,164.3,149.8,24.9,120.8,98.3,130.5,152.4,229.1,153.2
"AndersonCounty",88.9,143.9,7.4,261.3,119.2,78.8,140.8,93.9,51.4,146.9,35.5,98.9,120.4,115.8,48.1,130.9,195.9,244.6,107.9,266.9,66.4,122.5,59.4,192,53.3,115.7,112.9,214.1,118.2,159.2,119,137.6,76.6,33.9,98.5,158.6,18.4,284.9,66.7,47.2,68.7,250.4,101.2,81,151.9,142.5,75.3,173.4,64.8,97.9,187,44.8,286.9,179,93.1,55.7,39.6,147.3,99.2,163.5,117.4,72.6,92.9,175.5,104,143.1,179.6,133.8,52.6,226,166.1,207.1,240,106,172.1,61.7,128.7,50,228.3,173,92.4,89.3,91,20.4,104.1,126,70.6,120.2,152.3,43.8,68.2,134.4,55.7,50.1,123.6,85.5,147.6,186.3,75.4,77.6,84.2,70.3,96.4,86.5,37.2,30,156.9,27.7,67.4,182.9,214.8,64.4,215.4,136.4,35.4,104.7,198.4,119,99.3,17.8
"BallardCounty",235.4,186.5,261.3,8.5,196,325.9,355.9,324.5,298.4,394,259.4,346.1,367.4,185.8,221,146.5,71.1,71.1,338.5,24.2,283.7,369.6,269,100.1,300.4,330.7,252.1,76,232.6,151.4,185.1,384.7,323.6,281,345.5,405.6,273.3,47.7,299.4,276.4,322.6,45.5,161.3,231,399,179.8,196.4,388.5,312.1,210.2,138.8,277.4,37.2,95.4,320.7,235.6,286.6,394.4,329.7,383.1,332.5,208.8,307.9,422.6,351.1,358.1,397.3,380.9,280.6,56.1,136.5,59,21.5,302,125.2,308.8,375.8,244.9,46.7,420,339.4,210.1,338,267.4,213.6,221.9,317.6,367.2,115.1,218.1,315.3,140.1,255.9,304.9,370.7,332.8,365.3,433.4,322.5,273.6,331.5,298.3,343.5,251.4,290.3,262.6,155.4,241.8,235.4,117.4,81.3,281.6,103.6,164.5,238.1,270.8,104,324.9,346.4,270.5
"BarrenCounty",40.5,23.5,119.2,196,11.5,183.9,160.9,182.4,156.4,252,105.3,204.1,192.2,86.7,79,55.7,136.7,154.8,196.4,201.7,141.7,227.5,74,96.7,153.5,135.8,57.2,154.9,37.7,101.8,38.6,242.6,152.5,138.9,203.5,206.6,131.3,211.5,157.4,109.8,180.5,171.7,59.1,37.7,257,128.3,60.1,193.5,170.1,26.7,130.2,135.4,213.5,119.8,146,93.5,123.1,229.1,187.7,188.1,137.5,46.8,113,260.9,163.3,163.2,202.3,238.8,106.7,160.7,61.8,140.1,174.7,107.1,112.9,132,233.7,68.7,163,241.7,197.4,81,196,112.8,18.7,26.2,175.6,225.2,93.1,76.1,173.3,77,113.9,162.9,162.5,190.8,170.4,245.2,180.4,78.7,189.5,105.7,201.5,56.5,148.3,120.6,52.6,99.7,51.5,78.6,125,139.6,158.6,32.2,96.1,75.8,139.3,130,204.4,128.5
"BathCounty",147.5,208.6,78.8,325.9,183.9,8.7,150.3,114.5,34,70.7,89.4,76.4,80.9,178.1,130.3,195.5,260.5,309.3,100.7,331.6,123.7,46.2,110.3,256.7,29.9,105.7,151.6,278.7,167.7,223.9,183.6,61.4,44.7,49.9,39,98,70.5,349.5,121.7,75.1,89.3,315,165.8,145.6,75.7,204.9,139.9,161.6,53.1,162.5,249.4,102,351.5,243.6,88.1,118,61.7,86.8,119.8,116.9,126.8,137.3,102.3,99.3,64.6,125.8,140.1,57.5,88.3,290.6,230.7,271.8,304.6,134.4,236.7,56.8,70.5,114.6,292.9,119,58.2,151.6,39.7,85,168.5,192.7,19.3,45,216.9,108.4,35.4,199,118,89.2,84.1,73.8,108.2,125.8,36,104.4,72.5,77.3,20.2,136.3,63.4,92.3,221.6,105.7,132.1,247.6,279.5,121.6,277.7,201.1,100,133.1,263.1,128.4,59.9,63.3
"BellCounty",125.7,183.4,140.8,355.9,160.9,150.3,9.8,194.5,140.4,218.4,113.3,188.8,106.5,226.6,174.9,215.6,296.6,314.7,208.5,361.5,203.6,193.9,120.4,256.5,121.1,72.9,129.9,314.8,146,261.7,198.5,169.2,120.1,122.7,169.9,120.9,150.5,371.4,201.7,109.1,169.3,331.6,208.7,147.2,223.3,253.3,182.8,41.8,154.7,169,290.1,182,373.4,279.7,88.5,198,134.6,143.4,199.8,102.4,25.7,169.5,50.5,175.2,105.8,63,81.6,205.2,103.2,320.6,221.7,300,334.6,68.7,272.8,99.6,149.4,139.1,322.9,156,181.4,203.7,162.4,120.8,146.8,170.9,142,146.1,253,151.3,157.2,236.9,198,169.2,99.6,175.5,84.7,121.3,139.3,82.7,174.2,73.3,167.9,114.6,143.4,172.3,212.5,172.3,144.1,238.5,284.9,201.6,318.5,192,138.3,94.4,299.2,47.5,137.6,139.7
"BooneCounty",175.4,207.1,93.9,324.5,182.4,114.5,194.5,8.2,76.6,145.6,122,47.2,156.1,156.2,107.9,194.1,259.1,307.8,20,330.1,45,133.9,138.1,255.2,89,169.4,195.8,277.3,212,199.4,182.2,146.7,115.8,74.1,87.2,194.3,71.8,348.1,22.7,111.8,27.1,313.6,164.4,169,134.7,170.9,136.7,227.1,66.2,161.1,219.4,63,350.1,242.2,132.4,93.2,89.5,183,11.3,199.2,171.1,146.7,146.6,174.2,139.8,196.8,215.3,99.5,125.8,289.2,229.3,270.3,303.2,178.6,224.6,101,164.4,136.5,291.5,208.7,67.9,129.7,126.7,106.9,200.8,208.3,106.3,135.2,215.4,116.2,91.5,197.6,70.9,46.6,159.3,42.8,183.4,222,111.1,148.6,80.6,121.5,110.4,165.2,57.1,79.2,220.1,100.5,153.9,246.1,278,65,247.8,199.6,121.9,177.3,247.8,172.7,135,76.3
"BourbonCounty",121.5,181.1,51.4,298.4,156.4,34,140.4,76.6,8.8,102.1,65.9,53.4,85.6,150.6,102.8,168,233,281.8,67.1,304.1,100.4,77.7,86.9,229.2,19.9,115.2,141.7,251.2,157.9,196.4,156.1,92.8,49.4,26.4,40.8,123.8,43,322.1,83.7,60.6,51.4,287.5,138.4,118.1,107.1,177.4,112.4,173,19.4,135,221.9,74.5,324,216.1,78.2,90.6,38.2,112.6,81.8,128.8,116.9,109.8,92.4,130.7,69.3,130.5,144.9,76.2,74.6,263.2,203.3,244.3,277.1,124.5,209.3,46.9,94,87.2,265.4,138.2,41.2,124.1,48.6,57.5,141.2,163.2,28.2,76.4,189.4,80.9,17.1,171.6,90.5,51.2,88.9,40.1,112.9,151.6,40.7,94.5,38.8,67.4,51.6,126.4,25.4,64.8,194.1,78.3,104.6,220.1,252,94.1,250.3,173.6,72.5,123.2,235.6,118.5,64.6,35.8
"BoydCounty",215.6,276.7,146.9,394,252,70.7,218.4,145.6,102.1,6.5,157.5,98.5,102.3,246.2,198.4,263.6,328.6,377.4,131.3,399.7,191.8,27.6,178.4,324.8,97.9,165.3,219.7,346.8,235.8,291.9,251.7,40.3,112.8,118,76.4,87.1,138.6,417.6,168,143.2,157.4,383.1,233.9,213.7,21.3,273,208,178.6,121.2,230.6,317.5,170.1,419.6,311.7,156.2,186.1,129.8,64.6,134.8,106,194.9,205.4,170.4,42,115.2,142.8,133,52.7,156.4,358.7,298.8,339.9,372.7,202.5,304.8,124.9,80.6,182.7,361,61.7,80.3,219.7,90,153.1,236.6,260.8,87.4,62.6,285,176.5,103.5,267.1,186.1,157.3,134.7,119.6,125.2,114.8,104,172.5,103.1,145.4,57.6,204.4,131.5,160.4,289.6,173.8,200.2,315.6,347.6,189.7,345.8,269.1,168.1,201.1,331.2,196.5,83.5,131.4
"BoyleCounty",66.5,127.7,35.5,259.4,105.3,89.4,113.3,122,65.9,157.5,7,120.3,130.9,117.2,65.6,129,194,242.8,136,265.1,95.5,133.1,31.9,190.2,63.9,88.1,85.4,212.2,100.6,157.4,117.1,148.2,58.6,41,109.1,158.9,47.5,283.1,95.7,20.9,96.8,248.5,99.3,60.7,162.5,144,73.4,145.9,86.3,96,185.7,73.8,285,177.1,65.2,84.8,28.8,157.9,127.2,140.5,89.9,70.8,65.3,186.1,82.1,115.5,154.7,144.4,25.1,224.1,164.3,205.3,238.1,78.5,170.2,42.4,139.3,29.8,226.4,183.5,106.9,94.3,101.5,15.4,91.1,115.3,81.1,130.7,150.4,41.9,82.8,132.6,84.7,79.1,114.8,107,122.7,196.9,86,50.1,105.7,42.8,107,58.9,64.5,59,155.1,60.7,47.2,181.1,213,93.4,214.1,134.6,28.9,77.2,196.6,91.4,109.9,44.8
"BrackenCounty",173.8,228.8,98.9,346.1,204.1,76.4,188.8,47.2,53.4,98.5,120.3,7.4,133.8,197.3,149.1,215.7,280.7,329.5,32.9,351.8,86.2,86.8,136.5,276.9,71.1,163.6,190.1,299,206.3,240.6,203.9,99.6,97.5,72.5,40.1,141.1,85.8,369.8,69.5,110.2,51.1,335.3,186.1,165.8,82.9,212,160.1,221.4,40.1,182.7,260.6,104.1,371.8,263.9,126.7,134.4,87.8,129.9,36.3,160.1,165.4,157.5,140.9,127.1,117.4,178.6,187.1,52.4,124.2,310.9,251,292,324.9,172.9,265.7,95.3,113.6,134.9,313.1,146.8,20.8,170.8,94,105.2,188.9,210.9,73.5,88.1,237.1,128.6,49.8,219.3,112,87.7,137,31.9,161,168.9,88.8,142.9,33.5,115.8,63.3,163.5,59.7,107.5,241.8,121,152.3,267.8,299.7,106.1,289,221.3,120.2,171.6,288.9,167,112.7,81.3
"BreathittCounty",157,214.6,120.4,367.4,192.2,80.9,106.5,156.1,85.6,102.3,130.9,133.8,11.5,219.7,171.8,237,302,350.8,170.1,373.1,165.2,90.6,138.3,298.2,71.4,67.5,161.1,320.3,177.2,265.4,225.2,62.9,65.5,91.4,90.4,61.7,112.1,391.1,163.2,107.1,130.9,356.6,207.4,178.4,107.3,246.4,181.4,80.8,102.8,204,290.9,143.5,393,285.2,60.8,159.6,103.3,63.2,161.4,43.3,105.8,178.8,81.1,93.7,39.8,45,59.3,108.9,120.3,332.2,252.9,313.3,346.2,131.5,278.3,85.9,44.6,156.2,334.4,88.8,115.5,193.2,50.3,126.5,178,202.2,69.7,39.7,258.4,149.9,89.7,240.6,159.5,130.8,35.8,123.5,27.4,100.3,45,113.9,122.2,104.5,66.1,145.8,104.9,133.8,243.8,147.3,173.6,269.8,321,163.1,319.3,223.3,141.5,142.6,304.6,109.7,26.5,104.9
"BreckinridgeCounty",112,90.9,115.8,185.8,86.7,178.1,226.6,156.2,150.6,246.2,117.2,197.3,219.7,12.5,58.5,55.4,120.4,169.2,170.2,191.5,115.4,221.8,145.2,116.6,152.6,201.4,142.8,138.6,123.4,47.9,52.6,236.9,179.4,137.7,197.8,257.8,112.9,209.5,131.1,134.2,162.1,175,33.2,90.4,251.2,27.5,42.1,259.2,159.3,82.5,76.3,108.7,211.4,103.6,195.9,65.8,144.6,246.6,161.4,262.8,203.2,68.2,178.7,274.8,203.3,228.9,278.9,233.1,138.4,150.6,82.2,131.7,164.6,179.6,73,164.6,228,102.7,152.8,272.3,191.7,31.4,190.3,125.2,104.3,112.6,169.8,219.4,76.8,75.9,167.5,59,87.6,143.3,222.9,179.7,246.9,285.6,174.7,151.2,178.7,156.1,195.7,129,131.7,93.9,95,87.5,94.9,101.1,139.4,113.3,104.7,79.5,95.9,161.5,104.6,204.8,198.6,121.1
"BullittCounty",87.1,103.7,48.1,221,79,130.3,174.9,107.9,102.8,198.4,65.6,149.1,171.8,58.5,8.9,90.6,155.6,204.4,121.9,226.7,67.2,173.9,93.5,151.8,104.7,149.8,135.9,173.8,116.4,118.9,78.7,189.1,131.6,89.8,149.9,210,65.1,244.6,82.8,82.6,113.9,210.1,60.9,65.5,203.4,85.3,33.2,207.5,111.4,57.6,147.3,60.9,246.6,138.7,148.1,19,92.8,198.8,113.2,214.9,151.5,43.3,127,226.9,155.5,177.2,231,185.2,86.8,185.7,125.8,166.9,199.7,140.2,131.8,116.8,180.1,51,188,224.4,143.8,32,142.4,73.6,97.4,104.9,122,171.6,112,23.8,119.7,94.1,39.4,95,175,132.2,199.1,237.7,126.8,111.8,130.9,104.5,147.9,104.1,83.8,46.1,116.6,20.9,69.9,142.6,174.6,65.1,175.7,96.2,44.3,138.8,158.2,153.1,150.8,73.2
"ButlerCounty",95.1,46.9,130.9,146.5,55.7,195.5,215.6,194.1,168,263.6,129,215.7,237,55.4,90.6,10.7,81.1,121.9,208.1,152.2,153.3,239.1,128.6,63.8,170,190.4,111.8,99.3,92.3,46.3,36,254.3,193.2,150.5,215.1,261.2,142.9,170.2,169,146,192.2,135.6,30.9,90,268.6,72.7,66,248.1,181.7,67.4,74.6,147,172.1,64.2,200.6,105.2,156.2,264,199.3,242.8,192.1,78.4,167.6,292.2,220.7,217.8,256.9,250.4,150.2,111.3,26.9,92.4,125.2,161.7,57.3,178.4,245.4,114.4,113.5,289.6,209,79.7,207.6,137,73.3,81.6,187.2,236.8,37.5,87.7,184.9,21.5,125.5,174.5,217.1,202.4,225,299.9,192.1,133.3,201.1,160.3,213.1,111.1,159.9,132.2,39.7,111.3,103.8,45.8,92.1,151.2,103.1,24.2,107.7,130.5,83.7,184.6,216,140.1
"CaldwellCounty",176.1,127.9,195.9,71.1,136.7,260.5,296.6,259.1,233,328.6,194,280.7,302,120.4,155.6,81.1,9.6,62.5,273.1,76.8,218.3,304.2,209.7,37.4,235,271.4,192.8,21.1,173.3,86,119.7,319.3,258.2,215.6,280.1,340.2,207.9,94.8,234,211,257.2,60.3,95.9,165.6,333.6,114.4,131,329.2,246.7,144.8,73.4,212,96.7,30,255.3,170.2,221.2,329,264.3,323.8,273.1,143.4,248.6,357.2,285.7,298.8,338,315.5,215.2,35.9,73.1,17,49.8,242.7,59.8,243.4,310.4,179.5,38.1,354.6,274,144.7,272.6,202,154.3,162.6,252.2,301.8,49.7,152.7,249.9,74.7,190.5,239.5,305.3,267.4,306,368,257.1,214.3,266.1,232.9,278.1,192.1,224.9,197.2,92,176.4,170,54,26.5,216.2,48.7,105.2,172.7,211.5,38.6,265.6,281,205.1
"CallowayCounty",194.2,145.3,244.6,71.1,154.8,309.3,314.7,307.8,281.8,377.4,242.8,329.5,350.8,169.2,204.4,121.9,62.5,10.4,321.8,52.7,267.1,352.9,227.7,58.9,283.8,289.5,210.9,67.4,191.4,134.8,153.1,368.1,307,264.3,328.9,360.3,256.7,49,282.8,259.8,306,26.9,144.7,189.1,382.4,163.2,179.8,347.2,295.5,166.5,122.2,260.8,51,86.8,299.7,218.9,270,377.8,313.1,341.9,291.2,192.2,266.7,406,334.5,316.9,356,364.2,260.4,47.5,95.2,50.4,49.9,260.8,108.5,292.2,359.1,228.2,26.2,403.4,322.8,193.5,321.4,250.8,172.4,180.7,301,350.6,98.5,201.5,298.7,123.4,239.3,288.3,316.2,316.2,324.1,399,305.9,232.4,314.9,259.4,326.9,210.2,273.7,246,114.2,225.1,202.9,76.2,31.9,265,95,123.3,221.5,229.6,95.4,283.7,329.8,253.9
"CampbellCounty",189.4,221.1,107.9,338.5,196.4,100.7,208.5,20,67.1,131.3,136,32.9,170.1,170.2,121.9,208.1,273.1,321.8,6.5,344.1,59,119.6,152.1,269.2,103,183.4,209.8,291.3,226,213.4,196.2,132.4,129.9,88.1,72.9,174,85.8,362.1,42.4,125.8,41.2,327.6,178.4,183,115.7,184.9,150.7,241.1,51.9,175.1,233.4,77,364.1,256.2,146.4,107.2,103.5,162.7,9.2,213.2,185.1,160.7,160.6,159.9,153.8,210.8,229.3,85.2,139.8,303.2,243.3,284.3,317.2,192.6,238.6,115,146.4,150.5,305.5,179.7,53.6,143.7,115.3,120.9,214.8,222.3,94.9,120.9,229.4,130.2,70.3,211.6,84.9,60.6,173.3,28.5,197.4,201.7,125.1,162.6,66.3,135.5,96.1,179.2,71.1,93.2,234.1,114.5,167.9,260.1,292,79,261.8,213.6,135.9,191.3,261.8,186.7,149,90.3
"CarlisleCounty",241.1,192.2,266.9,24.2,201.7,331.6,361.5,330.1,304.1,399.7,265.1,351.8,373.1,191.5,226.7,152.2,76.8,52.7,344.1,7.3,289.4,375.2,274.6,105.8,306,336.4,257.8,81.7,238.3,157,190.7,390.4,329.3,286.6,351.2,411.3,279,29.6,305,282.1,328.2,27.7,167,236.7,404.6,185.5,202.1,394.1,317.8,215.9,144.5,283.1,19.1,101.1,326.4,241.2,292.3,400.1,335.4,388.7,338.1,214.5,313.6,428.3,356.8,363.8,402.9,386.5,286.3,61.7,142.1,64.7,27.1,307.7,130.8,314.5,381.4,250.5,50.5,425.7,345.1,215.8,343.7,273.1,219.3,227.6,323.3,372.9,120.8,223.8,321,145.7,261.6,310.6,376.3,338.5,371,439,328.1,279.3,337.2,304,349.2,257.1,296,268.3,161.1,247.4,241.1,123.1,77.8,287.3,109.2,170.2,243.8,276.4,109.7,330.6,352.1,276.2
"CarrollCounty",149.8,166.4,66.4,283.7,141.7,123.7,203.6,45,100.4,191.8,95.5,86.2,165.2,115.4,67.2,153.3,218.3,267.1,59,289.4,6,167.3,119.4,214.5,98.1,178.5,173,236.5,179.1,158.6,141.4,182.4,125,83.2,126.2,203.4,53,307.3,20,107.3,51,272.8,123.6,128.2,173.7,130.1,95.9,236.2,100.7,120.3,178.7,22.2,309.3,201.4,141.5,52.4,90.1,192.2,50.3,208.3,180.2,106,155.7,220.4,148.9,205.9,224.4,138.5,112.7,248.4,188.5,229.6,262.4,166.1,183.8,110.2,173.5,102.6,250.7,217.8,106.9,88.9,135.8,80.4,160.1,167.6,115.4,165,174.7,75.4,115.3,156.8,30.1,32.1,168.4,68.5,192.5,231.1,120.2,137.7,107.1,130.7,141.3,146.5,80.9,38.4,179.3,59.7,120.1,205.3,237.3,20.5,207,158.9,91.2,164.7,207,181.8,144.2,66.6
"CarterCounty",191.1,252.2,122.5,369.6,227.5,46.2,193.9,133.9,77.7,27.6,133.1,86.8,90.6,221.8,173.9,239.1,304.2,352.9,119.6,375.2,167.3,10.4,154,300.3,73.5,149.4,195.2,322.4,211.4,267.5,227.3,28.6,88.3,93.5,52,101.3,114.2,393.2,165.4,118.7,133,358.7,209.5,189.3,32.6,248.5,183.6,192.8,96.7,206.2,293,145.7,395.2,287.3,131.8,161.7,105.4,78.8,123.1,120.2,170.5,180.9,146,56.2,108.3,157,147.2,32.5,131.9,334.3,274.4,315.4,348.3,178,280.4,100.4,76.5,158.3,336.6,75.9,68.6,195.3,83.4,128.7,212.1,236.3,63,51,260.5,152.1,79.1,242.7,161.7,132.9,127.8,107.9,139.4,129,79.6,148,91.4,120.9,33.1,180,107.1,136,265.2,149.4,175.7,291.2,323.1,165.3,321.4,244.7,143.7,176.7,306.8,172.1,71.8,107
"CaseyCounty",35.2,96.4,59.4,269,74,110.3,120.4,138.1,86.9,178.4,31.9,136.5,138.3,145.2,93.5,128.6,209.7,227.7,152.1,274.6,119.4,154,10.9,169.6,77.1,95.3,54.1,227.9,69.3,174.8,111.6,169.1,74.1,61.9,130,166.1,71.4,284.5,119.7,36.3,112.9,244.7,127.3,60.3,183.4,171.9,101.4,153,102.4,82.1,203.2,97.8,286.5,192.8,80.7,108.7,49.7,165.2,143.4,147.6,97,82.6,72.5,207,97.5,122.7,161.8,165.3,23.8,233.7,134.8,213.1,247.7,78.2,185.9,57.8,146.6,57.7,236,190.9,127.9,122.3,122.5,39.4,59.9,84,102.1,138.1,166.1,69.8,103.7,150,108.7,103.1,122,123.1,129.9,204.7,93.3,49.8,121.8,49.9,127.9,27.7,80.6,83,125.6,90.9,57.2,151.6,197.9,117.4,231.6,105.1,56.9,76.9,212.3,98.6,117.2,68.7
"ChristianCounty",136.1,87.2,192,100.1,96.7,256.7,256.5,255.2,229.2,324.8,190.2,276.9,298.2,116.6,151.8,63.8,37.4,58.9,269.2,105.8,214.5,300.3,169.6,13.8,231.1,231.4,152.8,55.6,133.3,82.1,95,315.5,254.4,211.7,276.3,302.2,204.1,115.6,230.1,207.2,253.3,75.8,92.1,130.9,329.8,110.6,127.2,289.1,242.9,108.4,69.6,208.2,117.6,37.8,241.6,166.3,217.4,325.2,260.5,283.7,233.1,139.6,208.6,353.4,258.9,258.8,297.9,311.6,202.3,64.8,37.1,44.2,78.8,202.7,55.9,239.6,306.5,175.6,67.1,350.8,270.2,140.9,268.8,198.2,114.3,122.6,248.4,298,45.9,148.9,246.1,70.8,186.7,235.7,258.1,263.6,266,340.8,253.2,174.3,262.3,201.3,274.3,152.1,221.1,193.4,56.1,172.5,144.8,18.1,29.1,212.4,79.6,65.2,168.9,171.4,57.9,225.6,277.2,201.3
"ClarkCounty",118.3,183.1,53.3,300.4,153.5,29.9,121.1,89,19.9,97.9,63.9,71.1,71.4,152.6,104.7,170,235,283.8,103,306,98.1,73.5,77.1,231.1,8.2,96,122.4,253.2,138.6,198.3,158.1,88.6,35.2,24.3,49.5,109.6,45,324,96.2,46,63.8,289.5,140.3,120.1,102.9,179.3,114.4,153.7,37,137,223.9,76.5,326,218.1,59,92.5,36.2,98.3,94.3,114.5,97.7,111.7,73.2,126.5,55.1,116.3,130.6,84.8,59.1,265.1,205.2,246.2,279.1,105.3,211.2,27.6,79.7,89.1,267.4,124,59.4,126.1,42,59.5,139.4,163.5,21.6,71.2,191.4,82.9,37.8,173.5,92.5,63.7,74.6,57.8,98.7,137.3,26.4,75.3,56.5,48.1,47.5,107.2,37.9,66.8,196,80.2,106.5,222,253.9,96.1,252.2,175.5,74.5,103.9,237.6,99.3,50.3,37.8
"ClayCounty",100.6,158.2,115.7,330.7,135.8,105.7,72.9,169.4,115.2,165.3,88.1,163.6,67.5,201.4,149.8,190.4,271.4,289.5,183.4,336.4,178.5,149.4,95.3,231.4,96,11.2,104.7,289.6,120.9,236.6,173.3,116.9,61.9,97.6,126.2,81.9,125.4,346.3,176.5,83.9,144.2,306.5,183.6,122,181.8,228.2,157.6,74.4,129.6,143.9,264.9,156.8,348.2,254.6,30,172.9,109.4,104.4,174.6,63.5,49.5,144.4,24.8,136.2,41.2,38.5,77.7,160.6,78,295.5,196.6,274.8,309.5,75.1,247.7,59.7,92.2,114,297.7,117,156.3,178.6,104.2,95.6,121.6,145.8,94.5,93.7,227.8,126.1,114.5,211.8,172.8,144,24.3,150.3,45.7,120.6,69.8,57.5,149,48.1,123.3,89.4,118.2,147.1,187.4,147.2,118.9,213.4,259.7,176.4,293.4,166.9,113.1,86.2,274,53.3,72.9,114.6
"ClintonCounty",47.8,79.6,112.9,252.1,57.2,151.6,129.9,195.8,141.7,219.7,85.4,190.1,161.1,142.8,135.9,111.8,192.8,210.9,209.8,257.8,173,195.2,54.1,152.8,122.4,104.7,7.4,211,21.2,157.9,94.7,210.4,121.4,124.1,171.2,175.5,125,267.6,173.2,89,170.6,227.8,115.2,67.8,224.6,184.4,117,162.4,156.1,83.6,186.3,151.3,269.6,175.9,114.9,150.4,103.2,198,201.1,157,106.4,87.8,81.9,229.8,132.2,132.1,171.2,206.5,75.9,216.8,117.9,196.2,230.8,60.3,169,100.9,193.9,83.3,219.1,210.6,182.7,137.9,163.7,92.9,48.2,53.6,143.3,185.4,149.2,109.8,158.6,133.1,162.2,156.6,131.4,176.8,139.3,214.1,140.6,47.3,175.5,74.6,169.2,28.9,144.7,136.5,108.7,129.1,66.1,134.7,181.1,170.9,214.7,88.3,97.3,23.7,195.4,80.6,164.6,122.2
"CrittendenCounty",194.3,146.1,214.1,76,154.9,278.7,314.8,277.3,251.2,346.8,212.2,299,320.3,138.6,173.8,99.3,21.1,67.4,291.3,81.7,236.5,322.4,227.9,55.6,253.2,289.6,211,9.9,191.6,85.4,137.9,337.5,276.4,233.8,298.4,358.4,226.1,99.7,252.2,229.2,275.4,65.2,114.1,183.8,351.8,113.9,149.2,347.4,264.9,163,54,230.2,101.6,48.2,273.5,188.4,239.4,347.2,282.5,342,291.4,161.6,266.9,375.4,303.9,317,356.2,333.7,233.4,40.8,91.3,25.9,54.8,260.9,70.6,261.6,328.6,197.7,43,372.8,292.3,162.9,290.8,220.2,172.5,180.8,270.4,320,67.9,170.9,268.1,92.9,208.7,257.7,323.5,285.6,324.2,386.2,275.3,232.5,284.3,251.1,296.3,210.3,243.1,215.4,110.2,194.6,188.3,72.2,48.3,234.4,27.3,123.4,190.9,229.7,38,283.9,299.2,223.4
"CumberlandCounty",34.7,60.1,118.2,232.6,37.7,167.7,146,212,157.9,235.8,100.6,206.3,177.2,123.4,116.4,92.3,173.3,191.4,226,238.3,179.1,211.4,69.3,133.3,138.6,120.9,21.2,191.6,9.1,138.5,75.2,226.5,137.6,140.2,187.4,191.7,130.2,248.2,194.8,105.1,186.8,208.4,95.8,54,240.8,164.9,97.6,178.6,172.2,64.1,166.9,150.7,250.1,156.5,131.1,131,118.4,214.1,217.3,173.2,122.6,73.9,98.1,245.9,148.4,148.3,187.4,222.7,92.1,197.4,98.5,176.7,211.4,76.4,149.6,117.1,210.1,69.1,199.6,226.8,198.9,118.5,179.9,108.1,28.8,34.1,159.5,201.6,129.7,95.5,174.7,113.7,151.3,161.9,147.6,192.9,155.4,230.3,156.8,63.4,191.6,90.7,185.3,43.9,147.2,135.9,89.3,114.9,51.9,115.3,161.6,177,195.3,68.8,83.1,39.9,175.9,96.8,180.7,127.5
"DaviessCounty",141.2,93,159.2,151.4,101.8,223.9,261.7,199.4,196.4,291.9,157.4,240.6,265.4,47.9,118.9,46.3,86,134.8,213.4,157,158.6,267.5,174.8,82.1,198.3,236.6,157.9,85.4,138.5,11.2,83,282.6,221.6,178.9,243.5,303.6,164.1,175,174.3,174.4,205.4,140.5,59.3,129,296.9,31.6,94.4,294.3,210,108.2,31.6,154.6,177,53.5,218.7,121.6,184.6,292.3,204.7,288.9,238.3,106.7,213.8,320.5,249.1,264,303.1,278.8,178.5,116.1,73,97.2,130.1,207.9,28.4,206.7,273.7,142.8,118.4,318,237.4,76,236,165.4,119.5,127.8,215.6,265.2,40,116.1,213.2,25,130.9,186.5,268.6,222.9,271.2,331.3,220.4,179.4,229.4,196.2,241.4,157.3,182.9,145.2,85.8,139.7,133.4,73.1,104.9,156.6,60,70.4,136.1,176.6,60,230.8,244.3,168.5
"EdmonsonCounty",78,42.8,119,185.1,38.6,183.6,198.5,182.2,156.1,251.7,117.1,203.9,225.2,52.6,78.7,36,119.7,153.1,196.2,190.7,141.4,227.3,111.6,95,158.1,173.3,94.7,137.9,75.2,83,9,242.4,181.3,138.7,203.3,244.1,131,208.7,157.1,134.1,180.3,174.2,25,62.7,256.7,79.3,54.2,231.1,169.8,40.1,111.4,135.1,210.7,102.8,183.5,93.3,144.4,252.1,187.5,225.7,175,66.5,150.5,280.3,208.8,200.7,239.8,238.6,138.3,149.8,60.2,130.9,163.8,144.6,95.9,166.5,233.5,102.6,152.1,277.8,197.2,79.2,195.8,125.2,56.2,64.5,175.4,224.9,76,75.8,173,58.2,113.7,162.7,200,190.5,207.9,282.8,180.2,116.2,189.2,143.2,201.2,94,148,120.3,52.8,99.5,76.5,77,123.3,139.4,139.8,30.5,95.8,113.4,122.2,167.5,204.1,128.3
"ElliottCounty",206.2,267.4,137.6,384.7,242.6,61.4,169.2,146.7,92.8,40.3,148.2,99.6,62.9,236.9,189.1,254.3,319.3,368.1,132.4,390.4,182.4,28.6,169.1,315.5,88.6,116.9,210.4,337.5,226.5,282.6,242.4,7.9,88.5,108.6,67.1,76.3,129.3,408.3,180.5,133.9,148.1,373.8,224.6,204.4,45.3,263.6,198.7,143.6,111.8,221.3,308.2,160.8,410.3,302.4,114.6,176.8,120.5,65.1,135.9,95.2,158.1,196.1,133.6,37.4,75.8,107.8,122.2,53.8,147.1,349.4,289.5,330.5,363.4,193.2,295.5,108.8,48.8,173.4,351.7,66.9,81.4,210.4,50.6,143.8,227.3,251.4,70.5,23.2,275.7,167.2,94.2,257.8,176.8,148,95.3,120.6,90.2,104,67.9,163.2,104.2,136.1,42.9,195.1,122.2,151.1,280.3,164.5,190.9,306.3,338.3,180.4,336.5,259.8,158.8,191.8,321.9,159.7,44,122.1
"EstillCounty",117.3,174.9,76.6,323.6,152.5,44.7,120.1,115.8,49.4,112.8,58.6,97.5,65.5,179.4,131.6,193.2,258.2,307,129.9,329.3,125,88.3,74.1,254.4,35.2,61.9,121.4,276.4,137.6,221.6,181.3,88.5,8.2,44.1,65.2,103.7,71.8,347.3,123,42.9,90.7,312.7,163.6,115.4,117.8,206.2,137.6,152.6,66.6,160.2,250.7,103.3,349.2,241.3,53,119.3,55.9,92.5,121.1,108.7,96.6,135,72.1,123,23.7,110.4,124.7,99.6,56.1,288.4,213.3,269.5,302.3,104.2,234.4,21.7,73.9,84.5,290.6,118.1,79.3,152.9,53.9,64.9,138.3,162.5,33.5,65.3,214.6,106.1,53.5,196.8,119.3,90.5,40.3,87.3,92.8,131.5,20.6,74.2,86,47.1,62.3,106.1,64.7,93.6,204.1,107,101.9,230.1,277.2,122.9,279,183.6,83.6,102.9,260.8,98.2,44.5,61
"FayetteCounty",96.5,163.6,33.9,281,138.9,49.9,122.7,74.1,26.4,118,41,72.5,91.4,137.7,89.8,150.5,215.6,264.3,88.1,286.6,83.2,93.5,61.9,211.7,24.3,97.6,124.1,233.8,140.2,178.9,138.7,108.6,44.1,8.7,69.5,129.6,30.1,304.6,81.3,35.6,48.9,270.1,120.9,100.7,122.9,164.4,95,155.3,38.4,117.5,208.9,61.6,306.6,198.7,60.6,77.6,13.3,118.3,79.4,134.5,99.3,92.3,74.8,146.5,75.1,125,150.6,104.8,49.6,245.7,185.8,226.8,259.7,106.9,191.8,29.3,99.7,69.7,247.9,144,67.4,111.2,62,34.8,121.1,145.3,41.6,91.2,171.9,63.4,43.2,154.1,77.6,48.8,94.6,59.1,118.7,157.3,46.4,76.9,57.8,49.8,67.5,88.9,17.8,51.9,176.6,65.3,87.1,202.6,234.5,81.2,237.3,156.1,55,105.5,218.1,100.9,70.3,18.4
"FlemingCounty",167.1,228.2,98.5,345.5,203.5,39,169.9,87.2,40.8,76.4,109.1,40.1,90.4,197.8,149.9,215.1,280.1,328.9,72.9,351.2,126.2,52,130,276.3,49.5,126.2,171.2,298.4,187.4,243.5,203.3,67.1,65.2,69.5,9.6,103.8,90.2,369.2,109.5,94.7,80.3,334.7,185.5,165.2,81.4,224.5,159.6,171.1,46.4,182.1,269,121.6,371.1,263.3,107.8,137.7,81.3,92.5,76.3,122.7,146.5,156.9,122,105,85.1,135.3,149.7,50.3,107.9,310.3,250.4,291.4,324.3,154,256.4,76.4,76.2,134.3,312.5,124.8,21.8,171.3,61.7,104.6,188.1,212.3,41.2,50.7,236.5,128,25.8,218.7,137.6,89.9,104.7,61.1,117.7,131.5,56.5,124,44.6,96.9,25.9,155.9,64.1,111.9,241.2,125.4,151.7,267.2,299.1,146.1,297.4,220.7,119.6,152.7,282.7,148.1,71.5,83
"FloydCounty",171.4,229,158.6,405.6,206.6,98,120.9,194.3,123.8,87.1,158.9,141.1,61.7,257.8,210,261.2,340.2,360.3,174,411.3,203.4,101.3,166.1,302.2,109.6,81.9,175.5,358.4,191.7,303.6,244.1,76.3,103.7,129.6,103.8,10.2,150.3,429.3,201.4,145.3,169.1,394.8,245.6,192.8,103.6,284.6,219.6,95.3,141,214.7,329.1,181.7,431.2,323.3,107.8,197.8,141.4,26.2,199.5,22.7,120.3,217,95.6,58,91,59.4,49.7,126.4,148.8,370.4,267.4,351.5,384.4,145.9,316.5,124.1,32.2,194.4,372.6,38.8,122.9,231.3,80.3,164.7,192.4,216.6,107.9,54.1,296.6,188.1,127.9,278.8,197.7,168.9,97.4,161.7,41.8,39.2,83.2,128.3,145.7,118.9,79.5,160.2,143.1,172,258.2,185.4,189.7,284.2,330.5,201.3,357.5,237.7,179.7,157,342.8,124.1,59.3,143
"FranklinCounty",101,156,18.4,273.3,131.3,70.5,150.5,71.8,43,138.6,47.5,85.8,112.1,112.9,65.1,142.9,207.9,256.7,85.8,279,53,114.2,71.4,204.1,45,125.4,125,226.1,130.2,164.1,131,129.3,71.8,30.1,90.2,150.3,7.5,297,49.2,59.3,52.3,262.4,113.2,93,143.6,139.7,87.3,183.1,51.7,109.9,184.2,31.3,298.9,191,88.4,52.8,37,139,77.1,155.2,127.1,84.7,102.6,167.2,95.7,152.8,171.3,125.5,64.7,238,178.1,219.2,252,118.1,184.1,57,120.4,62,240.3,164.7,84.1,86.4,82.7,32.4,116.1,138.1,62.3,111.8,164.3,55.8,59.9,146.4,52.8,32.6,115.3,65.2,139.3,178,67.1,89.7,71.1,77.5,88.1,98.5,20.8,27.1,168.9,40.5,79.5,194.9,226.9,50.9,212.5,148.5,47.4,116.8,210.5,128.7,91,13.5
"FultonCounty",250.9,202.1,284.9,47.7,211.5,349.5,371.4,348.1,322.1,417.6,283.1,369.8,391.1,209.5,244.6,170.2,94.8,49,362.1,29.6,307.3,393.2,284.5,115.6,324,346.3,267.6,99.7,248.2,175,208.7,408.3,347.3,304.6,369.2,429.3,297,7.8,323,300,346.2,35.3,185,254.7,422.6,203.4,220.1,404,335.7,233.9,162.5,301.1,15.9,119.1,344.4,259.2,310.3,418,353.4,398.6,348,232.4,323.5,446.2,374.8,373.7,412.8,404.5,304.2,79.7,152,82.6,57.8,317.5,148.8,332.4,399.4,268.5,61.4,443.7,363.1,233.8,361.7,291.1,229.2,237.5,341.3,390.9,138.8,241.8,338.9,163.7,279.6,328.6,394.3,356.5,380.9,457,346.1,289.1,355.1,321.9,367.1,267,313.9,286.3,171,265.4,259.1,133,88.6,305.3,127.2,180.1,261.8,286.3,127.7,340.5,370,294.2
"GallatinCounty",149.2,182.1,66.7,299.4,157.4,121.7,201.7,22.7,83.7,168,95.7,69.5,163.2,131.1,82.8,169,234,282.8,42.4,305,20,165.4,119.7,230.1,96.2,176.5,173.2,252.2,194.8,174.3,157.1,180.5,123,81.3,109.5,201.4,49.2,323,5.3,119,34.3,288.5,139.3,143.9,157,145.8,111.6,234.3,84,136,194.4,37.9,325,217.1,139.5,68.1,96.6,190.2,33.6,206.4,178.3,121.7,153.7,196.6,146.9,203.9,222.4,121.8,112.9,264.1,204.2,245.3,278.1,166.3,199.5,108.2,171.6,110.3,266.4,215.8,90.2,104.6,133.8,80.6,175.8,183.3,113.4,163,190.4,91.1,98.7,172.5,45.8,23.9,166.5,51.8,190.5,229.2,118.3,155.8,90.4,128.7,139.3,146.7,64.2,54.1,195,75.4,127.7,221,252.9,39.9,222.7,174.5,95.6,165,222.7,179.8,142.2,59.9
"GarrardCounty",71,132.2,47.2,276.4,109.8,75.1,109.1,111.8,60.6,143.2,20.9,110.2,107.1,134.2,82.6,146,211,259.8,125.8,282.1,107.3,118.7,36.3,207.2,46,83.9,89,229.2,105.1,174.4,134.1,133.9,42.9,35.6,94.7,145.3,59.3,300,119,7.9,86.6,265.5,116.3,77.7,148.2,161,90.4,141.6,76.1,113,202.7,85.6,302,194.1,49.5,96.5,23.4,134.1,117.1,136.3,85.6,87.8,61.1,171.8,66.3,111.3,150.4,130,18.4,241.1,170.5,222.3,255.1,71.8,187.2,26.7,115.4,46.7,243.4,159.7,101.6,111.3,87.2,27.2,95.6,119.8,66.8,106.9,167.4,58.9,77.4,149.5,96.5,83.7,87.3,96.9,118.5,173.1,62.1,43.4,95.6,36.1,92.7,63.4,54.3,70.8,161.4,78.7,64.2,187.4,230,105.2,231.1,140.9,45.9,70.4,213.6,87.2,86.1,46.4
"GrantCounty",150.2,205.3,68.7,322.6,180.5,89.3,169.3,27.1,51.4,157.4,96.8,51.1,130.9,162.1,113.9,192.2,257.2,306,41.2,328.2,51,133,112.9,253.3,63.8,144.2,170.6,275.4,186.8,205.4,180.3,148.1,90.7,48.9,80.3,169.1,52.3,346.2,34.3,86.6,8.3,311.7,162.5,142.3,123.1,176.8,136.6,201.9,51.6,159.2,225.4,68.9,348.2,240.3,107.2,99.2,64.3,157.8,32.4,174,145.9,133.9,121.4,186,114.6,171.6,190.1,92.6,100.6,287.3,227.4,268.4,301.3,153.4,233.4,75.8,139.2,111.3,289.6,183.5,61,135.6,101.5,81.7,165.4,187.3,81.1,130.7,213.6,105.1,66.3,195.7,76.8,23.2,134.1,20.7,158.2,196.8,85.9,123.4,71.1,96.3,107,140,31.9,77.4,218.2,90.8,128.7,244.2,276.1,70.9,253.8,197.7,96.7,152.1,253.7,147.5,109.8,51.1
"GravesCounty",211.1,162.2,250.4,45.6,171.7,315,331.6,313.6,287.5,383.1,248.5,335.3,356.6,175,210.1,135.6,60.3,26.9,327.6,29.2,272.8,358.7,244.7,75.8,289.5,306.5,227.8,65.2,208.4,140.5,174.2,373.8,312.7,270.1,334.7,394.8,262.4,35.3,288.5,265.5,311.7,12.1,150.4,220.1,388.1,168.9,185.6,364.2,301.2,183.4,128,266.5,37.2,84.6,309.9,224.7,275.8,383.5,318.9,358.8,308.2,197.9,283.7,411.7,340.2,333.9,373,370,269.7,45.2,112.2,48.1,24.4,277.7,114.3,297.9,364.9,234,26.9,409.2,328.6,199.3,327.2,256.5,189.3,197.6,306.8,356.3,104.2,207.3,304.4,129.2,245.1,294.1,333.2,321.9,341,422.5,311.6,249.3,320.6,287.4,332.6,227.1,279.4,251.8,131.1,230.9,224.6,93.1,48.8,270.8,92.7,140.3,227.3,246.5,93.1,300.7,335.5,259.7
"GraysonCounty",92.5,63.3,101.2,161.3,59.1,165.8,208.7,164.4,138.4,233.9,99.3,186.1,207.4,33.2,60.9,30.9,95.9,144.7,178.4,167,123.6,209.5,127.3,92.1,140.3,183.6,115.2,114.1,95.8,59.3,25,224.6,163.6,120.9,185.5,245.6,113.2,185,139.3,116.3,162.5,150.4,11.6,71,238.9,59.9,36.4,241.3,152,50.2,87.6,117.4,186.9,79,160.7,75.5,126.6,234.3,169.7,235.9,185.3,48.7,160.8,262.5,191.1,211,250.1,220.8,120.5,126.1,57.7,107.2,140.1,160.1,72.2,148.7,215.7,84.8,128.3,260,179.4,61.4,178,107.4,76.8,85.1,157.6,207.1,52.3,58.1,155.2,34.5,95.9,144.9,210.6,172.7,218.1,273.3,162.4,131.7,171.4,138.2,183.4,109.6,130.2,102.6,70.5,81.7,75.4,76.6,114.9,121.6,116.1,51,78.1,133.9,98.5,186.9,186.3,110.5
"GreenCounty",25.7,60.9,81,231,37.7,145.6,147.2,169,118.1,213.7,60.7,165.8,178.4,90.4,65.5,90,165.6,189.1,183,236.7,128.2,189.3,60.3,130.9,120.1,122,67.8,183.8,54,129,62.7,204.4,115.4,100.7,165.2,192.8,93,254.7,143.9,77.7,142.3,220.1,71,8.7,218.7,117.2,46.6,179.8,131.8,22.6,157.3,121.9,256.6,148.7,132.2,80.1,85.6,214.1,174.2,174.4,123.8,24.1,99.2,242.3,149.6,149.4,188.6,200.6,81.9,195.8,96.1,176.9,209.8,93.3,141.9,99.2,195.5,31.9,198,227.9,159.1,67.5,157.7,64.5,29.9,51.9,137.3,186.9,122,54.1,135,104.2,100.4,124.6,148.7,152.5,156.6,231.5,142.2,64.9,151.2,91.9,163.2,42.7,110,107.1,86.9,77.8,14.6,112.9,159.3,126.1,185.8,66.4,45.8,86.5,168.2,116.2,166.1,90.2
"GreenupCounty",220.5,281.7,151.9,399,257,75.7,223.3,134.7,107.1,21.3,162.5,82.9,107.3,251.2,203.4,268.6,333.6,382.4,115.7,404.6,173.7,32.6,183.4,329.8,102.9,181.8,224.6,351.8,240.8,296.9,256.7,45.3,117.8,122.9,81.4,103.6,143.6,422.6,157,148.2,123.1,388.1,238.9,218.7,9.7,277.9,213,195.1,110.4,235.6,322.5,175.1,424.6,316.7,161.2,191.1,134.8,81,123.8,122.5,199.9,210.4,175.4,58.4,120.2,159.3,149.5,37,161.4,363.7,303.8,344.9,377.7,207.5,309.8,129.9,97.1,187.7,366,78.2,64.6,224.7,95,158.1,241.6,265.8,92.4,67.6,290,181.5,96.8,272.1,191.1,162.3,139.7,103.9,141.7,131.3,109,177.5,87.4,150.4,62.6,209.4,136.5,165.4,294.6,178.8,205.1,320.6,352.5,193.6,350.8,274.1,173.1,206.1,336.2,201.5,88.4,136.4
"HancockCounty",138.7,119.5,142.5,179.8,128.3,204.9,253.3,170.9,177.4,273,144,212,246.4,27.5,85.3,72.7,114.4,163.2,184.9,185.5,130.1,248.5,171.9,110.6,179.3,228.2,184.4,113.9,164.9,31.6,79.3,263.6,206.2,164.4,224.5,284.6,139.7,203.4,145.8,161,176.8,168.9,59.9,117.2,277.9,7.3,68.8,285.9,186,109.3,60,126,205.4,81.9,222.7,92.5,171.3,273.4,176.1,289.5,229.9,94.9,205.4,301.5,230.1,255.6,305.6,259.8,165.1,144.5,99.4,125.7,158.5,206.4,56.8,191.4,254.7,129.4,146.8,299,218.4,58.2,217,152,145.9,154.2,196.6,246.2,68.4,102.7,194.2,51.4,102.3,157.9,249.6,194.3,273.7,312.3,201.4,178,205.5,182.9,222.5,155.8,158.4,120.7,112.3,114.2,121.6,101.5,133.4,128,88.4,96.8,122.7,203.1,88.4,231.5,225.4,147.8
"HardinCounty",68.2,84.8,75.3,196.4,60.1,139.9,182.8,136.7,112.4,208,73.4,160.1,181.4,42.1,33.2,66,131,179.8,150.7,202.1,95.9,183.6,101.4,127.2,114.4,157.6,117,149.2,97.6,94.4,54.2,198.7,137.6,95,159.6,219.6,87.3,220.1,111.6,90.4,136.6,185.6,36.4,46.6,213,68.8,12.9,215.4,126.1,38.7,122.7,89.6,222,114.2,134.7,47.8,100.6,208.4,141.9,210,159.4,24.4,134.9,236.6,165.1,185,224.2,194.9,94.6,161.2,92.8,142.3,175.2,135.8,107.3,122.8,189.8,58.9,163.4,234,153.4,21.4,152,81.4,78.5,86,131.6,181.2,87.4,32.1,129.3,69.6,68.1,118.9,184.7,146.8,192.2,247.4,136.5,107.4,145.5,112.3,157.5,85.2,104.3,74.8,97.8,53.8,51,111.7,150,93.8,151.2,77.3,52.1,135.7,133.6,160.9,160.4,84.5
"HarlanCounty",158.3,215.9,173.4,388.5,193.5,161.6,41.8,227.1,173,178.6,145.9,221.4,80.8,259.2,207.5,248.1,329.2,347.2,241.1,394.1,236.2,192.8,153,289.1,153.7,74.4,162.4,347.4,178.6,294.3,231.1,143.6,152.6,155.3,171.1,95.3,183.1,404,234.3,141.6,201.9,364.2,241.3,179.8,195.1,285.9,215.4,11.1,187.3,201.6,322.7,214.6,406,312.3,100.3,230.6,167.2,117.7,232.4,76.8,58.3,202.1,83.1,149.5,117.6,37.4,44.7,189.6,135.7,353.2,254.3,332.5,367.2,101.3,305.4,132.1,123.7,171.7,355.5,130.4,196.3,236.3,131,153.4,179.4,203.5,150.5,120.4,285.5,183.9,170.5,269.5,230.6,201.8,101.1,208,59,84.4,125.7,115.2,206.7,105.8,146.8,147.2,176,204.9,245.1,204.9,176.7,271.1,317.4,234.2,351.1,224.6,170.9,127,331.8,80.1,107.2,172.3
"HarrisonCounty",139.7,194.8,64.8,312.1,170.1,53.1,154.7,66.2,19.4,121.2,86.3,40.1,102.8,159.3,111.4,181.7,246.7,295.5,51.9,317.8,100.7,96.7,102.4,242.9,37,129.6,156.1,264.9,172.2,210,169.8,111.8,66.6,38.4,46.4,141,51.7,335.7,84,76.1,51.6,301.2,152,131.8,110.4,186,126.1,187.3,9.1,148.7,230.6,83.2,337.7,229.8,92.6,99.2,53.8,129.8,55.4,145.9,131.3,123.4,106.8,149.7,86.5,157,162,79.9,90.2,276.8,216.9,258,290.8,138.9,222.9,61.3,111.1,100.8,279.1,155.4,44.9,132.8,67.6,71.2,154.9,176.9,47.2,95.4,203.1,94.6,22.6,185.2,99.2,55.8,106,25,130.1,168.7,57.8,108.9,25.5,81.8,70.7,129.5,25.7,73.5,207.7,86.9,118.3,233.7,265.6,102.8,258.9,187.2,86.2,137.5,249.3,132.9,81.8,47.2
"HartCounty",47.5,51.4,97.9,210.2,26.7,162.5,169,161.1,135,230.6,96,182.7,204,82.5,57.6,67.4,144.8,166.5,175.1,215.9,120.3,206.2,82.1,108.4,137,143.9,83.6,163,64.1,108.2,40.1,221.3,160.2,117.5,182.1,214.7,109.9,233.9,136,113,159.2,183.4,50.2,22.6,235.6,109.3,38.7,201.6,148.7,10.5,136.5,114,235.8,127.9,154.1,72.2,123.2,231,166.3,196.2,145.6,32.9,121.1,259.2,187.7,171.3,210.4,217.4,117.2,175,73.6,151.8,188.9,115.2,121.1,145.4,212.4,53.7,177.2,256.6,176,59.6,174.6,104,45.1,52.6,154.2,203.8,101.2,54.7,151.9,83.4,92.5,141.5,170.6,169.4,178.5,270,159.1,86.8,168.1,113.7,180.1,64.6,126.9,99.2,64.4,78.3,36.5,90.4,136.7,118.2,165,43.9,74.7,102.3,147.4,138.1,183,107.1
"HendersonCounty",169.6,121.4,187,138.8,130.2,249.4,290.1,219.4,221.9,317.5,185.7,260.6,290.9,76.3,147.3,74.6,73.4,122.2,233.4,144.5,178.7,293,203.2,69.6,223.9,264.9,186.3,54,166.9,31.6,111.4,308.2,250.7,208.9,269,329.1,184.2,162.5,194.4,202.7,225.4,128,87.6,157.3,322.5,60,122.7,322.7,230.6,136.5,11.1,174.6,164.4,39.5,267.2,141.6,212.9,317.9,224.7,317.3,266.7,135.1,242.1,346.1,274.6,292.3,331.5,304.3,206.9,103.6,99.2,84.7,117.6,236.2,35.8,235.9,299.3,171.2,105.8,343.5,262.9,104.3,261.5,193.7,147.8,156.1,241.1,290.7,64,144.4,238.8,53.4,150.9,206.5,294.1,242.9,299.5,356.9,245.9,207.8,250,224.6,267,185.6,203,165.2,114.2,163.3,161.8,86.2,92.4,176.6,28.6,98.7,164.4,205,28.5,259.1,269.9,192.3
"HenryCounty",121.4,160.1,44.8,277.4,135.4,102,182,63,74.5,170.1,73.8,104.1,143.5,108.7,60.9,147,212,260.8,77,283.1,22.2,145.7,97.8,208.2,76.5,156.8,151.3,230.2,150.7,154.6,135.1,160.8,103.3,61.6,121.6,181.7,31.3,301.1,37.9,85.6,68.9,266.5,117.4,121.9,175.1,126,89.6,214.6,83.2,114,174.6,8.8,303,195.1,119.8,48.4,68.4,170.5,68.2,186.7,158.6,99.7,134,198.7,127.2,184.2,202.8,156.4,91,242.2,182.3,223.3,256.1,144.4,179.7,88.5,151.9,82.5,244.4,196.1,124.8,82.2,114.1,58.7,153.8,161.3,93.7,143.3,168.4,58.7,91.4,150.6,26,50,146.8,86.4,170.8,209.5,98.6,116,102.6,109,119.6,124.8,52.5,16.7,173.1,36.4,99.9,199.1,231,20.1,203,152.6,67.8,143.1,202.9,160.1,122.5,44.9
"HickmanCounty",252.9,204,286.9,37.2,213.5,351.5,373.4,350.1,324,419.6,285,371.8,393,211.4,246.6,172.1,96.7,51,364.1,19.1,309.3,395.2,286.5,117.6,326,348.2,269.6,101.6,250.1,177,210.7,410.3,349.2,306.6,371.1,431.2,298.9,15.9,325,302,348.2,37.2,186.9,256.6,424.6,205.4,222,406,337.7,235.8,164.4,303,8.2,121,346.3,261.2,312.2,420,355.3,400.6,350,234.4,325.5,448.2,376.7,375.6,414.8,406.5,306.2,81.7,154,84.6,44.5,319.5,150.8,334.4,401.4,270.5,63.3,445.6,365,235.7,363.6,293,231.1,239.4,343.2,392.8,140.7,243.7,340.9,165.7,281.5,330.5,396.3,358.4,382.8,459,348.1,291.1,357.1,323.9,369.1,268.9,315.9,288.2,172.9,267.4,261,134.9,90.6,307.2,129.2,182,263.7,288.3,129.6,342.5,372,296.1
"HopkinsCounty",159.2,111,179,95.4,119.8,243.6,279.7,242.2,216.1,311.7,177.1,263.9,285.2,103.6,138.7,64.2,30,86.8,256.2,101.1,201.4,287.3,192.8,37.8,218.1,254.6,175.9,48.2,156.5,53.5,102.8,302.4,241.3,198.7,263.3,323.3,191,119.1,217.1,194.1,240.3,84.6,79,148.7,316.7,81.9,114.2,312.3,229.8,127.9,39.5,195.1,121,12.1,238.4,153.3,204.4,312.1,247.4,306.9,256.3,126.5,231.8,340.3,268.8,282,321.1,298.6,198.3,60.2,73.5,41.3,74.2,225.8,26.8,226.5,293.5,162.6,62.4,337.8,257.2,127.8,255.8,185.1,137.4,145.7,235.3,284.9,32.8,135.8,233,57.8,173.6,222.6,288.4,250.5,289.1,351.1,240.2,197.4,249.2,216,261.2,175.2,208,180.3,92.4,159.5,153.2,54.4,60.6,199.3,47.7,88.3,155.8,194.6,25.9,248.8,264.1,188.3
"JacksonCounty",110.8,168.4,93.1,320.7,146,88.1,88.5,132.4,78.2,156.2,65.2,126.7,60.8,195.9,148.1,200.6,255.3,299.7,146.4,326.4,141.5,131.8,80.7,241.6,59,30,114.9,273.5,131.1,218.7,183.5,114.6,53,60.6,107.8,107.8,88.4,344.4,139.5,49.5,107.2,309.9,160.7,132.2,161.2,222.7,134.7,100.3,92.6,154.1,267.2,119.8,346.3,238.4,9.6,135.9,72.4,118.6,137.6,89.4,65.1,132.1,40.6,149.1,38.9,64.4,103.6,143.1,62.7,285.5,206.8,266.6,299.5,88.4,231.6,32.5,100,91.1,287.7,142.9,119.3,169.4,100.2,71.5,131.8,156,79.8,91.4,211.7,103.2,95.1,193.9,135.8,107,40.7,113.3,71.6,146.5,67.5,67.7,112,40.7,105.7,99.6,81.2,110.1,197.6,123.6,108.5,223.6,269.9,139.4,295.6,177.1,90.2,96.4,257.9,66.7,70.6,77.6
"JeffersonCounty",101.6,118.2,55.7,235.6,93.5,118,198,93.2,90.6,186.1,84.8,134.4,159.6,65.8,19,105.2,170.2,218.9,107.2,241.2,52.4,161.7,108.7,166.3,92.5,172.9,150.4,188.4,131,121.6,93.3,176.8,119.3,77.6,137.7,197.8,52.8,259.2,68.1,96.5,99.2,224.7,75.5,80.1,191.1,92.5,47.8,230.6,99.2,72.2,141.6,48.4,261.2,153.3,135.9,10.3,84.5,186.5,98.5,202.7,174.6,57.8,150.1,214.7,143.3,200.3,218.8,173,101.9,200.3,140.4,181.4,214.3,155.3,146.4,104.5,167.9,65.6,202.6,212.2,131.6,39.3,130.2,69.7,111.9,119.4,109.8,159.4,126.6,38.4,107.4,108.7,24.7,80.3,162.8,116.7,186.9,225.5,114.6,126.9,118.6,125,135.6,118.7,71.6,33.9,131.2,32,84.5,157.2,189.1,50.4,170,110.7,58.9,154,169.9,176.2,138.5,61
