"County","AdamsCounty","BarnesCounty","BensonCounty","BillingsCounty","BottineauCounty","BowmanCounty","BurkeCounty","BurleighCounty","CassCounty","CavalierCounty","DickeyCounty","DivideCounty","DunnCounty","EddyCounty","EmmonsCounty","FosterCounty","GoldenValleyCounty","GrandForksCounty","GrantCounty","GriggsCounty","HettingerCounty","KidderCounty","LaMoureCounty","LoganCounty","McHenryCounty","McIntoshCounty","McKenzieCounty","McLeanCounty","MercerCounty","MortonCounty","MountrailCounty","NelsonCounty","OliverCounty","PembinaCounty","PierceCounty","RamseyCounty","RansomCounty","RenvilleCounty","RichlandCounty","RoletteCounty","SargentCounty","SheridanCounty","SiouxCounty","SlopeCounty","StarkCounty","SteeleCounty","StutsmanCounty","TownerCounty","TraillCounty","WalshCounty","WardCounty","WellsCounty","WilliamsCounty"
"AdamsCounty",16.2,274.7,297.9,112.6,290.7,53.6,252.1,154,324.2,387.6,269.1,261.4,116.6,295,210.8,278.2,131,384.7,64.7,307.5,32.9,200.8,282.8,235.6,254.8,217.1,167.1,174.6,130.5,123.6,197.5,350.4,132,429.1,285.8,335,324.8,267.3,379.6,326.1,312,225.9,130.3,71.8,83.5,338.2,241.6,348.6,365,396.8,230.8,256.4,224.8
"BarnesCounty",274.7,20,132.1,268,229.2,312.3,297.1,129.4,50.8,148.5,95.8,341,254,105.7,152.2,77.8,286.4,136.9,205.7,46,255.3,93.8,69.1,98.2,201.4,130.4,322.5,194.8,206.9,163.4,288.1,88.9,178.5,167.6,166.5,131.6,51.4,253.3,106.2,208.9,81.2,160.5,193.3,293.4,228.4,64.8,46.4,168.5,91.6,135.3,216.8,115,310.5
"BensonCounty",297.9,132.1,19.5,291.3,106.9,335.5,205.7,152.6,181.6,92.3,164.5,249.5,220.1,39.1,175.4,65.3,309.6,107.1,229,97.9,278.5,112.8,141.5,166.4,86.5,189.4,230.7,145,173.9,186.6,174.7,74.4,167.9,138.1,46,40.6,182.2,161.9,237.6,90,212.1,85.9,216.5,316.6,251.6,121.5,97.1,53.3,143.2,108.2,125.3,47.3,219
"BillingsCounty",112.6,268,291.3,17.5,262.1,82.6,195.3,147.3,317.5,381,299.2,170,67,288.4,204.1,271.5,34.5,378.1,132.1,300.8,87.3,194.2,276.2,229,226.2,248.5,75.6,168,123.8,116.9,140.7,343.8,125.4,422.5,279.1,328.4,318.2,209.7,372.9,297.6,348,219.2,184.9,63.7,44.9,331.5,234.9,342,358.3,390.1,194.2,249.7,133.4
"BottineauCounty",290.7,229.2,106.9,262.1,21.2,328.3,102.6,183.3,275.5,116.7,261.5,146.4,208.8,143.3,199.2,162.4,302.4,195.5,241.2,192.4,271.3,163.4,238.5,214.4,60.5,240,204.5,118.8,162.6,194.5,119.9,162.9,168.2,162.5,67.7,129.1,280.2,50.1,326,48.6,310,104.9,241.9,309.4,244.4,209.9,194.1,87.5,231.7,171.8,80.8,117.7,164.3
"BowmanCounty",53.6,312.3,335.5,82.6,328.3,17.6,256.5,191.6,361.7,425.2,343.4,231.4,128.1,332.6,248.4,315.8,101,422.3,112.3,345.1,71.2,238.4,320.4,273.2,292.3,256.1,137.1,212.2,168.1,161.2,201.9,388,169.6,466.7,323.4,372.6,362.4,270.8,417.1,363.7,392.2,263.5,169.4,27.7,89.1,375.7,279.1,386.2,402.6,434.4,268.4,293.9,194.8
"BurkeCounty",252.1,297.1,205.7,195.3,102.6,256.5,17.3,203.8,346.6,210.9,329.5,56.3,154.1,221.5,267.5,230.3,230.6,294.3,261.6,263.4,226.9,237.4,306.5,292.3,130,311.8,149.2,139.2,183.1,214.9,55.8,261.6,188.7,256.7,166.4,227.9,347.3,58.4,402,142.8,377.1,172.8,262.3,237.6,180.1,293.6,262.1,181.7,330.4,266,85.6,185.7,91.3
"BurleighCounty",154,129.4,152.6,147.3,183.3,191.6,203.8,21,178.9,242.4,160.5,247.6,133.3,149.8,65.5,132.9,165.7,239.4,85,162.2,134.6,55.5,137.5,90.4,132.8,109.9,201.8,67.3,79,42.7,160.5,205.2,57.8,283.8,140.5,189.7,179.5,160,234.3,190.1,209.3,80.6,72.5,172.6,107.7,192.9,96.3,203.4,219.7,251.5,123.5,111.1,217.1
"CassCounty",324.2,50.8,181.6,317.5,275.5,361.7,346.6,178.9,21.6,210.3,145.3,390.4,303.4,143.5,201.6,120.3,335.8,101.1,255.2,88.4,304.8,143.3,118.6,147.6,250.8,179.8,371.9,244.3,256.4,212.8,337.5,119,227.9,169.5,215.9,171.2,57.9,302.8,59.2,248.4,87.7,209.9,242.7,342.8,277.8,83,95.9,208.1,67.6,144.2,266.3,164.5,359.9
"CavalierCounty",387.6,148.5,92.3,381,116.7,425.2,210.9,242.4,210.3,20,231.1,254.7,308.4,105.7,265.1,127.3,399.3,108,318.7,104.9,368.3,202.6,208.1,233.5,146.4,265.7,304.1,218.4,262.3,276.3,234.6,75.3,257.9,46.8,115,66.5,192.7,158.5,243.7,70.7,222.5,175.6,306.2,406.3,341.3,122.4,163.7,48.6,144.1,64.4,185.2,135.6,278.9
"DickeyCounty",269.1,95.8,164.5,299.2,261.5,343.4,329.5,160.5,145.3,231.1,17.4,373.3,285.1,138.1,104.5,121.2,317.5,205.8,236.9,128.6,286.4,124.9,43,88.8,233.7,71.2,353.6,225.9,238,194.5,319.2,171.6,209.6,250.2,198.8,178,84.1,285.6,106.4,243.1,66.5,191.6,202.9,324.5,259.5,159.3,77.6,202.8,186.1,217.9,249.1,147.4,342.8
"DivideCounty",261.4,341,249.5,170,146.4,231.4,56.3,247.6,390.4,254.7,373.3,18.5,169.1,265.3,311.3,274.1,171.1,338.1,280.9,307.2,236,281.2,350.3,336.1,173.8,355.6,95.6,183,210.5,258.8,94.1,305.4,232.4,300.5,210.2,271.7,391.1,102.2,445.8,186.6,420.9,216.6,306.1,212.5,193.6,337.4,305.9,225.5,374.2,309.8,129.4,229.5,49.3
"DunnCounty",116.6,254,220.1,67,208.8,128.1,154.1,133.3,303.4,308.4,285.1,169.1,23.5,217.2,190.1,200.4,102.2,337.1,118.1,233.4,97.2,180.1,262.1,214.9,172.9,234.5,74.8,92.7,48.6,102.9,99.5,265.6,73.1,354.2,209.3,270.7,304.1,168.4,358.8,244.2,333.9,145.7,170.9,109.2,51.7,263.6,220.8,269.4,290.5,333,148.9,178.5,132.5
"EddyCounty",295,105.7,39.1,288.4,143.3,332.6,221.5,149.8,143.5,105.7,138.1,265.3,217.2,13.1,172.5,38.9,306.7,109.8,226.1,57.5,275.6,110,115.1,140,125.7,172.2,240.9,140.3,171.1,183.7,190.5,58.4,165,154,90.8,52.7,155.8,177.7,198.9,117.7,185.6,96.1,213.6,313.7,248.7,87.7,70.7,77.4,114.5,121.6,141.1,42.6,234.8
"EmmonsCounty",210.8,152.2,175.4,204.1,199.2,248.4,267.5,65.5,201.6,265.1,104.5,311.3,190.1,172.5,20.3,155.7,222.5,262.2,141.8,185,191.4,78.3,94.2,56.8,171.4,46.3,258.6,130.9,143,99.5,224.2,227.9,114.6,306.6,163.3,212.5,135.2,223.6,177.3,212.9,151.7,103.4,129.4,229.4,164.5,215.6,119,226.1,242.5,274.3,187.1,133.8,280.8
"FosterCounty",278.2,77.8,65.3,271.5,162.4,315.8,230.3,132.9,120.3,127.3,121.2,274.1,200.4,38.9,155.7,13.1,289.9,114.6,209.2,34.3,258.8,93.1,98.2,123.2,134.6,155.4,249.8,123.4,154.2,166.9,199.3,67.8,148.2,158.9,99.7,78.9,124.9,186.5,175.7,143.9,154.8,81.4,196.7,296.8,231.9,64.5,53.8,103.6,91.3,126.6,150,48.2,243.6
"GoldenValleyCounty",131,286.4,309.6,34.5,302.4,101,230.6,165.7,335.8,399.3,317.5,171.1,102.2,306.7,222.5,289.9,16.3,396.4,150.5,319.2,105.6,212.5,294.5,247.3,266.5,266.9,111.2,186.3,142.2,135.3,176,362.1,143.7,440.8,297.5,346.7,336.5,244.9,391.2,337.8,366.3,237.6,203.3,82.1,63.2,349.8,253.2,360.3,376.7,408.5,242.5,268,134.5
"GrandForksCounty",384.7,136.9,107.1,378.1,195.5,422.3,294.3,239.4,101.1,108,205.8,338.1,337.1,109.8,262.2,114.6,396.4,19.5,315.8,82.7,365.3,203.8,182.8,208.2,175.1,240.4,332.8,247.1,290.9,273.4,263.3,53.6,288.5,92.1,143.7,91.1,144,250.4,134.5,168.4,180,190.4,303.3,403.4,338.4,70.9,156.4,128.1,50.8,49.2,213.9,147.4,307.6
"GrantCounty",64.7,205.7,229,132.1,241.2,112.3,261.6,85,255.2,318.7,236.9,280.9,118.1,226.1,141.8,209.2,150.5,315.8,21,238.5,45.3,131.9,213.9,166.7,205.2,186.2,186.6,125.1,81,74.1,212.8,281.5,82.5,360.1,216.8,266,255.8,217.8,310.6,266.5,285.6,156.9,68.7,102.2,92.4,269.2,172.6,279.7,296,327.8,181.3,187.4,244.3
"GriggsCounty",307.5,46,97.9,300.8,192.4,345.1,263.4,162.2,88.4,104.9,128.6,307.2,233.4,57.5,185,34.3,319.2,82.7,238.5,13.8,288.1,126.6,105.6,130.9,172,163.1,282.8,156.5,187.3,196.2,232.4,45.4,211.3,127.1,132.7,88.1,93.1,219.6,143.8,165.3,122.9,114.4,226,326.1,261.1,32.6,79.2,125,59.4,94.7,183.1,81.3,276.7
"HettingerCounty",32.9,255.3,278.5,87.3,271.3,71.2,226.9,134.6,304.8,368.3,286.4,236,97.2,275.6,191.4,258.8,105.6,365.3,45.3,288.1,17.3,181.4,263.4,216.3,235.4,235.8,141.7,155.2,111.1,104.2,172.3,331,112.6,409.7,266.4,315.6,305.4,247.9,360.2,306.7,335.2,206.5,112.4,61.2,58.3,318.8,222.2,329.2,345.6,377.4,211.4,237,199.4
"KidderCounty",200.8,93.8,112.8,194.2,163.4,238.4,237.4,55.5,143.3,202.6,124.9,281.2,180.1,110,78.3,93.1,212.5,203.8,131.9,126.6,181.4,19.5,101.9,54.8,135.6,80.3,248.6,100.8,112.5,89.5,194.1,158.4,104.6,248.2,100.7,149.9,143.9,193.6,198.7,150.3,173.7,70.4,119.4,219.5,154.5,157.3,60.7,163.6,184.1,215.9,157,71.3,250.7
"LaMoureCounty",282.8,69.1,141.5,276.2,238.5,320.4,306.5,137.5,118.6,208.1,43,350.3,262.1,115.1,94.2,98.2,294.5,182.8,213.9,105.6,263.4,101.9,17.5,78.5,210.7,76.7,330.6,202.9,215,171.5,296.2,148.6,186.6,227.2,175.8,155,56.8,262.6,98.8,220.1,73.3,168.6,201.4,301.5,236.5,132.6,54.5,179.8,159.4,194.9,226.1,124.4,319.8
"LoganCounty",235.6,98.2,166.4,229,214.4,273.2,292.3,90.4,147.6,233.5,88.8,336.1,214.9,140,56.8,123.2,247.3,208.2,166.7,130.9,216.3,54.8,78.5,16.4,186.6,53.1,283.4,155.8,167.9,124.3,249,173.9,139.4,252.6,151.7,180,109.5,248.5,161.6,201.4,136,121.4,154.2,254.3,189.3,161.6,65,204.7,188.4,220.3,211.9,122.3,305.6
"McHenryCounty",254.8,201.4,86.5,226.2,60.5,292.3,130,132.8,250.8,146.4,233.7,173.8,172.9,125.7,171.4,134.6,266.5,175.1,205.2,172,235.4,135.6,210.7,186.6,22.5,212.2,168.6,82.8,126.7,145.8,99,142.4,122.3,192.2,47.3,108.7,251.5,86.2,305.6,82.2,281.3,77,191.3,273.4,208.4,189.5,166.3,107.4,211.3,170.9,49.7,89.9,143.3
"McIntoshCounty",217.1,130.4,189.4,248.5,240,256.1,311.8,109.9,179.8,265.7,71.2,355.6,234.5,172.2,46.3,155.4,266.9,240.4,186.2,163.1,235.8,80.3,76.7,53.1,212.2,16.2,303,175.3,187.4,143.9,268.6,206.1,159,284.8,177.3,212.2,117.7,268,157.3,226.9,117.3,147,150.9,273.8,208.9,193.8,97.2,236.9,220.6,252.4,231.5,147.8,325.1
"McKenzieCounty",167.1,322.5,230.7,75.6,204.5,137.1,149.2,201.8,371.9,304.1,353.6,95.6,74.8,240.9,258.6,249.8,111.2,332.8,186.6,282.8,141.7,248.6,330.6,283.4,168.6,303,27.5,146,116.2,171.4,83.1,300.1,140.7,349.9,205,266.4,372.6,152,427.3,239.9,402.4,192.3,239.4,118.2,99.3,313,289.3,265.1,339.9,328.7,136.6,205.1,59
"McLeanCounty",174.6,194.8,145,168,118.8,212.2,139.2,67.3,244.3,218.4,225.9,183,92.7,140.3,130.9,123.4,186.3,247.1,125.1,156.5,155.2,100.8,202.9,155.8,82.8,175.3,146,24.8,46.5,78.4,96,188.6,52.1,264.2,119.3,180.7,244.9,95.4,299.7,154.2,274.7,68.7,125.8,193.3,128.3,186.7,161.7,179.4,213.5,242.9,58.9,101.6,152.6
"MercerCounty",130.5,206.9,173.9,123.8,162.6,168.1,183.1,79,256.4,262.3,238,210.5,48.6,171.1,143,154.2,142.2,290.9,81,187.3,111.1,112.5,215,167.9,126.7,187.4,116.2,46.5,17.2,55.8,139.8,219.4,26.9,308,163.1,224.5,257,139.2,311.8,198,286.8,99.5,123.8,149.1,84.2,217.5,173.8,223.2,244.3,286.8,102.7,132.4,173.9
"MortonCounty",123.6,163.4,186.6,116.9,194.5,161.2,214.9,42.7,212.8,276.3,194.5,258.8,102.9,183.7,99.5,166.9,135.3,273.4,74.1,196.2,104.2,89.5,171.5,124.3,145.8,143.9,171.4,78.4,55.8,22.7,171.7,239.1,32.7,317.8,174.5,223.7,213.5,171.1,268.2,224.1,243.3,114.6,80.3,142.3,77.3,226.8,130.2,237.3,253.7,285.5,134.6,145,229.1
"MountrailCounty",197.5,288.1,174.7,140.7,119.9,201.9,55.8,160.5,337.5,234.6,319.2,94.1,99.5,190.5,224.2,199.3,176,263.3,212.8,232.4,172.3,194.1,296.2,249,99,268.6,83.1,96,139.8,171.7,22.7,230.6,145.4,280.4,135.4,196.9,338.2,70.1,392.9,160.2,368,141.8,219,182.9,125.5,262.6,231.1,195.6,299.4,259.1,54.6,154.7,61.3
"NelsonCounty",350.4,88.9,74.4,343.8,162.9,388,261.6,205.2,119,75.3,171.6,305.4,265.6,58.4,227.9,67.8,362.1,53.6,281.5,45.4,331,158.4,148.6,173.9,142.4,206.1,300.1,188.6,219.4,239.1,230.6,16.3,213.4,94.1,111,58.5,123.7,217.8,184.1,135.7,153.5,144.5,269,369.1,304.1,53.4,110.9,95.4,79.3,61.7,181.3,91,274.9
"OliverCounty",132,178.5,167.9,125.4,168.2,169.6,188.7,57.8,227.9,257.9,209.6,232.4,73.1,165,114.6,148.2,143.7,288.5,82.5,211.3,112.6,104.6,186.6,139.4,122.3,159,140.7,52.1,26.9,32.7,145.4,213.4,13.9,303.7,158.8,205,228.6,144.8,283.3,193.7,258.4,93.5,95.3,150.7,85.7,241.9,145.3,218.9,268.8,300.5,108.3,126.3,202
"PembinaCounty",429.1,167.6,138.1,422.5,162.5,466.7,256.7,283.8,169.5,46.8,250.2,300.5,354.2,154,306.6,158.9,440.8,92.1,360.1,127.1,409.7,248.2,227.2,252.6,192.2,284.8,349.9,264.2,308,317.8,280.4,94.1,303.7,17.2,160.8,111.6,212.4,204.3,202.9,116.5,248.4,221.4,347.7,447.8,382.8,114.9,200.8,94.3,119.1,35.3,231,180.7,324.7
"PierceCounty",285.8,166.5,46,279.1,67.7,323.4,166.4,140.5,215.9,115,198.8,210.2,209.3,90.8,163.3,99.7,297.5,143.7,216.8,132.7,266.4,100.7,175.8,151.7,47.3,177.3,205,119.3,163.1,174.5,135.4,111,158.8,160.8,16.9,77.3,216.6,122.6,274.2,50.8,246.4,73.8,204.4,304.5,239.5,158.1,131.4,76,179.8,139.5,86.1,55,179.7
"RamseyCounty",335,131.6,40.6,328.4,129.1,372.6,227.9,189.7,171.2,66.5,178,271.7,270.7,52.7,212.5,78.9,346.7,91.1,266,88.1,315.6,149.9,155,180,108.7,212.2,266.4,180.7,224.5,223.7,196.9,58.5,205,111.6,77.3,18.6,175.8,184,221.7,97.8,205.6,124,253.6,353.7,288.7,105.6,110.6,57.5,127.3,81,147.5,82.5,241.2
"RansomCounty",324.8,51.4,182.2,318.2,280.2,362.4,347.3,179.5,57.9,192.7,84.1,391.1,304.1,155.8,135.2,124.9,336.5,144,255.8,93.1,305.4,143.9,56.8,109.5,251.5,117.7,372.6,244.9,257,213.5,338.2,123.7,228.6,212.4,216.6,175.8,15.1,303.4,54.5,253.1,31,210.6,243.4,343.5,278.5,87.7,96.5,212.7,110.5,163.2,266.9,165.1,360.6
"RenvilleCounty",267.3,253.3,161.9,209.7,50.1,270.8,58.4,160,302.8,158.5,285.6,102.2,168.4,177.7,223.6,186.5,244.9,250.4,217.8,219.6,247.9,193.6,262.6,248.5,86.2,268,152,95.4,139.2,171.1,70.1,217.8,144.8,204.3,122.6,184,303.4,15.4,358.2,90.4,333.2,129,218.5,251.9,194.4,249.8,218.3,129.3,286.6,213.6,41.8,141.9,114.4
"RichlandCounty",379.6,106.2,237.6,372.9,326,417.1,402,234.3,59.2,243.7,106.4,445.8,358.8,198.9,177.3,175.7,391.2,134.5,310.6,143.8,360.2,198.7,98.8,161.6,305.6,157.3,427.3,299.7,311.8,268.2,392.9,184.1,283.3,202.9,274.2,221.7,54.5,358.2,19.6,298.9,47.9,265.3,298.1,398.2,333.2,128.6,151.3,258.6,101,177.6,321.6,219.9,415.3
"RoletteCounty",326.1,208.9,90,297.6,48.6,363.7,142.8,190.1,248.4,70.7,243.1,186.6,244.2,117.7,212.9,143.9,337.8,168.4,266.5,165.3,306.7,150.3,220.1,201.4,82.2,226.9,239.9,154.2,198,224.1,160.2,135.7,193.7,116.5,50.8,97.8,253.1,90.4,298.9,15.8,282.9,123.4,254,344.8,279.8,182.8,175.7,41.5,204.5,134.1,121,104.6,204.5
"SargentCounty",312,81.2,212.1,348,310,392.2,377.1,209.3,87.7,222.5,66.5,420.9,333.9,185.6,151.7,154.8,366.3,180,285.6,122.9,335.2,173.7,73.3,136,281.3,117.3,402.4,274.7,286.8,243.3,368,153.5,258.4,248.4,246.4,205.6,31,333.2,47.9,282.9,15.2,240.4,245.8,373.3,308.3,117.5,126.3,242.5,146.5,193,296.7,195,390.4
"SheridanCounty",225.9,160.5,85.9,219.2,104.9,263.5,172.8,80.6,209.9,175.6,191.6,216.6,145.7,96.1,103.4,81.4,237.6,190.4,156.9,114.4,206.5,70.4,168.6,121.4,77,147,192.3,68.7,99.5,114.6,141.8,144.5,93.5,221.4,73.8,124,210.6,129,265.3,123.4,240.4,16.3,144.4,244.5,179.6,144.6,113.1,136.6,171.4,191.5,92.5,59.5,186.1
"SiouxCounty",130.3,193.3,216.5,184.9,241.9,169.4,262.3,72.5,242.7,306.2,202.9,306.1,170.9,213.6,129.4,196.7,203.3,303.3,68.7,226,112.4,119.4,201.4,154.2,191.3,150.9,239.4,125.8,123.8,80.3,219,269,95.3,347.7,204.4,253.6,243.4,218.5,298.1,254,245.8,144.4,17.3,169.3,145.2,256.7,160.1,267.2,283.5,315.3,182,174.9,275.6
"SlopeCounty",71.8,293.4,316.6,63.7,309.4,27.7,237.6,172.6,342.8,406.3,324.5,212.5,109.2,313.7,229.4,296.8,82.1,403.4,102.2,326.1,61.2,219.5,301.5,254.3,273.4,273.8,118.2,193.3,149.1,142.3,182.9,369.1,150.7,447.8,304.5,353.7,343.5,251.9,398.2,344.8,373.3,244.5,169.3,18,70.2,356.8,260.2,367.3,383.6,415.4,249.5,275,175.9
"StarkCounty",83.5,228.4,251.6,44.9,244.4,89.1,180.1,107.7,277.8,341.3,259.5,193.6,51.7,248.7,164.5,231.9,63.2,338.4,92.4,261.1,58.3,154.5,236.5,189.3,208.4,208.9,99.3,128.3,84.2,77.3,125.5,304.1,85.7,382.8,239.5,288.7,278.5,194.4,333.2,279.8,308.3,179.6,145.2,70.2,18.8,291.8,195.2,302.3,318.6,350.4,184.5,210,157
"SteeleCounty",338.2,64.8,121.5,331.5,209.9,375.7,293.6,192.9,83,122.4,159.3,337.4,263.6,87.7,215.6,64.5,349.8,70.9,269.2,32.6,318.8,157.3,132.6,161.6,189.5,193.8,313,186.7,217.5,226.8,262.6,53.4,241.9,114.9,158.1,105.6,87.7,249.8,128.6,182.8,117.5,144.6,256.7,356.8,291.8,13.8,109.9,142.5,35.1,85.8,213.3,111.5,306.9
"StutsmanCounty",241.6,46.4,97.1,234.9,194.1,279.1,262.1,96.3,95.9,163.7,77.6,305.9,220.8,70.7,119,53.8,253.2,156.4,172.6,79.2,222.2,60.7,54.5,65,166.3,97.2,289.3,161.7,173.8,130.2,231.1,110.9,145.3,200.8,131.4,110.6,96.5,218.3,151.3,175.7,126.3,113.1,160.1,260.2,195.2,109.9,24.7,135.4,136.7,168.5,181.7,80,275.4
"TownerCounty",348.6,168.5,53.3,342,87.5,386.2,181.7,203.4,208.1,48.6,202.8,225.5,269.4,77.4,226.1,103.6,360.3,128.1,279.7,125,329.2,163.6,179.8,204.7,107.4,236.9,265.1,179.4,223.2,237.3,195.6,95.4,218.9,94.3,76,57.5,212.7,129.3,258.6,41.5,242.5,136.6,267.2,367.3,302.3,142.5,135.4,16.6,164.2,93.5,146.2,98.1,239.9
"TraillCounty",365,91.6,143.2,358.3,231.7,402.6,330.4,219.7,67.6,144.1,186.1,374.2,290.5,114.5,242.5,91.3,376.7,50.8,296,59.4,345.6,184.1,159.4,188.4,211.3,220.6,339.9,213.5,244.3,253.7,299.4,79.3,268.8,119.1,179.8,127.3,110.5,286.6,101,204.5,146.5,171.4,283.5,383.6,318.6,35.1,136.7,164.2,15.1,93.8,250.1,138.3,343.7
"WalshCounty",396.8,135.3,108.2,390.1,171.8,434.4,266,251.5,144.2,64.4,217.9,309.8,333,121.6,274.3,126.6,408.5,49.2,327.8,94.7,377.4,215.9,194.9,220.3,170.9,252.4,328.7,242.9,286.8,285.5,259.1,61.7,300.5,35.3,139.5,81,163.2,213.6,177.6,134.1,193,191.5,315.3,415.4,350.4,85.8,168.5,93.5,93.8,18.5,209.8,155.5,303.4
"WardCounty",230.8,216.8,125.3,194.2,80.8,268.4,85.6,123.5,266.3,185.2,249.1,129.4,148.9,141.1,187.1,150,242.5,213.9,181.3,183.1,211.4,157,226.1,211.9,49.7,231.5,136.6,58.9,102.7,134.6,54.6,181.3,108.3,231,86.1,147.5,266.9,41.8,321.6,121,296.7,92.5,182,249.5,184.5,213.3,181.7,146.2,250.1,209.8,23.3,105.3,99
"WellsCounty",256.4,115,47.3,249.7,117.7,293.9,185.7,111.1,164.5,135.6,147.4,229.5,178.5,42.6,133.8,48.2,268,147.4,187.4,81.3,237,71.3,124.4,122.3,89.9,147.8,205.1,101.6,132.4,145,154.7,91,126.3,180.7,55,82.5,165.1,141.9,219.9,104.6,195,59.5,174.9,275,210,111.5,80,98.1,138.3,155.5,105.3,18.5,199
"WilliamsCounty",224.8,310.5,219,133.4,164.3,194.8,91.3,217.1,359.9,278.9,342.8,49.3,132.5,234.8,280.8,243.6,134.5,307.6,244.3,276.7,199.4,250.7,319.8,305.6,143.3,325.1,59,152.6,173.9,229.1,61.3,274.9,202,324.7,179.7,241.2,360.6,114.4,415.3,204.5,390.4,186.1,275.6,175.9,157,306.9,275.4,239.9,343.7,303.4,99,199,23.8
