"County","AdamsCounty","AshlandCounty","BarronCounty","BayfieldCounty","BrownCounty","BuffaloCounty","BurnettCounty","CalumetCounty","ChippewaCounty","ClarkCounty","ColumbiaCounty","CrawfordCounty","DaneCounty","DodgeCounty","DoorCounty","DouglasCounty","DunnCounty","EauClaireCounty","FlorenceCounty","FondduLacCounty","ForestCounty","GrantCounty","GreenCounty","GreenLakeCounty","IowaCounty","IronCounty","JacksonCounty","JeffersonCounty","JuneauCounty","KenoshaCounty","KewauneeCounty","LaCrosseCounty","LafayetteCounty","LangladeCounty","LincolnCounty","ManitowocCounty","MarathonCounty","MarinetteCounty","MarquetteCounty","MenomineeCounty","MilwaukeeCounty","MonroeCounty","OcontoCounty","OneidaCounty","OutagamieCounty","OzaukeeCounty","PepinCounty","PierceCounty","PolkCounty","PortageCounty","PriceCounty","RacineCounty","RichlandCounty","RockCounty","RuskCounty","StCroixCounty","SaukCounty","SawyerCounty","ShawanoCounty","SheboyganCounty","TaylorCounty","TrempealeauCounty","VernonCounty","VilasCounty","WalworthCounty","WashburnCounty","WashingtonCounty","WaukeshaCounty","WaupacaCounty","WausharaCounty","WinnebagoCounty","WoodCounty"
"AdamsCounty",13.5,200.5,172.9,233.8,121.8,141.1,227.6,110.5,141,96.1,55.5,116,78.6,92.8,185.4,254.1,148.8,116.7,222.2,95.7,180.3,127.1,109,59.2,90.9,203,74,106,32.7,177.4,153.7,88.6,118.5,127.1,118.5,134.1,92.4,182.2,39.6,123.4,143.9,54.6,144.9,152.7,98.6,128.1,141.9,166.8,205.4,53.4,148.1,167.5,76.1,114.4,165.9,183.8,46.2,212.9,114.1,127.2,117.9,103,81.3,180.3,137.4,204.1,115.6,128.8,77.4,40.7,77.6,41.5
"AshlandCounty",200.5,24.6,125.8,37,236.6,212.8,119.6,257.1,150.6,136.6,256.7,274.5,281.1,294,294.2,82.5,161.9,174.8,149.1,264.7,140.5,296.5,296.2,239.6,263.4,44.9,180.3,308.5,191.6,359.9,262.5,234.7,291,146.4,114.3,272.6,140.3,202.8,233.3,189.6,326.4,200.7,198.3,96.8,234.8,313.5,205.7,184.9,144.9,177.6,56.8,350,241.1,316.9,106.6,169.3,233.3,68.6,192.2,302.9,108.5,198,241.9,100.9,339.8,87.6,300.9,331.2,209.3,217.8,240.7,157.5
"BarronCounty",172.9,125.8,15.4,116.8,231.1,95.9,63.7,251.6,45.6,102.3,211.3,193.2,229.9,248.6,288.7,90.2,38.7,57.9,204.5,245.2,162.6,215.2,256.8,213.7,225.4,154.6,101.1,257.3,152.9,328.6,257,134.6,253,165.5,126.7,267.1,133.7,230.1,194.1,205.9,295.1,138.4,225.6,134.2,229.3,287.4,67.6,76.9,37,168.3,92.6,318.7,194.2,265.7,41.6,61.4,193.9,68.1,186.7,276.7,90.1,101.3,160.6,156.5,288.6,40.1,274.9,280,203.8,199.7,236.6,143.9
"BayfieldCounty",233.8,37,116.8,23.3,269.9,203.7,112.9,290.5,153.4,170,290,301,314.4,327.3,327.5,46.3,152.8,165.7,170.6,298,170.4,323,364.6,272.9,296.7,69.6,208.9,341.8,224.9,393.2,295.9,242.4,324.3,176.3,147.6,305.9,173.6,224.3,266.6,219.5,359.8,246.2,228.3,126.7,268.1,346.8,196.7,175.8,135.9,210.9,90.2,383.4,302,350.2,115.8,160.2,301.7,74,225.6,336.2,141.8,209.2,268.4,127.4,373.2,78.5,334.3,364.5,242.6,251.1,274,190.8
"BrownCounty",121.8,236.6,231.1,269.9,12.8,234.8,285.9,33.9,192.9,152.3,118.8,223.6,134.3,95,67.5,312.4,218.1,196.8,126.3,71.3,103.6,216.3,179.8,80.8,182.7,197.4,161.4,124,140.6,150.7,35.8,196.4,204.4,91.9,124.6,38.8,98.5,63.8,103,49.6,119.2,162.4,50.5,137,29,96.7,227.7,254.3,263.6,86.8,184.2,140.8,193.5,169.2,204.9,253.1,148.9,247.8,45.6,69.1,155.2,190.5,188.9,164.1,164.2,262.3,107.5,133.5,54,81.4,45.6,110.2
"BuffaloCounty",141.1,212.8,95.9,203.7,234.8,13.7,150.6,237.7,64,89.2,179.6,137.8,198.2,216.9,292.4,177.1,65,44.1,271,213.5,229.1,160,225,181.9,193.7,222,69.4,225.6,121.2,296.9,260.7,69.3,200.2,191,167.3,261.3,137.4,259.6,162.4,209.5,263.4,100.1,229.2,201.5,205.2,255.6,30.3,61.8,123.7,140.3,163.5,287,138.8,234,103.7,100,162.2,135.9,190.4,245,115,58.4,105.4,229.1,256.9,127.1,243.1,248.3,177.8,167.9,204.8,112.1
"BurnettCounty",227.6,119.6,63.7,112.9,285.9,150.6,15.3,306.4,100.3,157,266,247.9,284.6,303.3,343.5,75.7,99.8,112.6,229.7,299.9,217.3,270,311.5,268.4,280.1,155.8,155.8,312,207.6,383.4,311.8,189.3,307.7,220.3,181.4,321.8,188.4,284.8,248.9,260.6,349.9,193.1,280.3,167.9,284.1,342.1,123.1,92.2,33.4,223,128,373.5,248.9,320.4,96.3,76.6,248.6,71.2,241.5,331.5,144.8,156.1,215.3,172.1,343.4,33.8,329.6,334.8,258.5,254.4,291.3,198.6
"CalumetCounty",110.5,257.1,251.6,290.5,33.7,237.7,306.4,10.3,213.4,160.2,93.2,212.3,108.7,69.4,93.3,332.9,245.3,213.3,156.7,38.6,134,190.7,154.2,69.5,157.1,229.6,170.5,98.4,129.3,118.4,61.6,185.1,178.8,118.7,145.1,37.8,119,94.2,91.7,76.4,86.9,151.1,80.9,163.8,26.8,64.4,238.4,263.4,284.1,87.8,204.7,108.5,167.9,143.6,225.4,280.4,127.1,268.3,72.4,40.3,175.7,199.6,177.6,190.9,131.9,282.8,71.1,94.3,60.5,79.3,34.3,111.2
"ChippewaCounty",141.1,150.6,45.6,153.4,193.2,64.1,100.3,213.8,16.6,64.4,179.5,161.4,198.1,216.8,250.9,126.8,42.8,26.1,213.6,213.4,171.8,183.4,225,181.9,193.6,165.1,69.3,225.5,121.1,296.8,219.1,102.8,221.2,149.4,125.8,229.2,95.8,218,162.3,168,263.4,106.6,187.7,143.4,191.4,255.6,57.1,79,78.1,130.4,101.8,287,162.4,233.9,46.9,77.9,162.1,80.2,148.9,244.9,65.9,69.6,128.8,165.7,256.9,76.8,243.1,248.3,165.9,167.9,193.5,112.1
"ClarkCounty",96.1,136.6,102.3,170,152.3,89.2,157,160.2,64.1,18,153.8,135.7,172.4,191.1,209.9,183.5,89.2,67.9,191.8,163.8,149.8,157.7,199.3,129.9,167.9,151.2,44.8,199.8,95.4,271.1,178.2,95.9,195.5,111.8,88.1,183.9,58.1,180.3,123.6,127.1,237.6,80.9,146.8,122.2,141.6,212.6,89.9,125.4,134.8,76.7,84.3,261.2,136.7,208.2,76,124.3,136.4,118.9,107.9,195.3,54.1,65.6,103.1,149.9,231.1,133.4,200.1,222.5,114.3,108.1,139.8,53.1
"ColumbiaCounty",55.5,256.7,211.3,290,118.8,179.6,266,93.2,179.4,153.8,14.5,136.9,29.7,44.2,182.4,292.5,187.2,155.1,248.3,55.6,206.4,112.6,76.1,44.7,79,229.1,112.4,57.1,64,128.4,150.7,120,100.7,153.2,144.6,108.6,118.6,179.3,33,135.4,94.9,86,152.8,178.8,95.6,79.5,180.3,205.2,243.8,79.6,204.3,118.5,79.9,65.5,204.3,222.2,46.7,251.3,131.4,99.2,171.4,141.4,102.2,206.4,88.4,242.5,67,79.8,89.4,52.7,74.6,92.4
"CrawfordCounty",116,274.5,193.2,301,223.6,137.8,247.9,212.3,161.3,135.7,136.9,12.6,118.4,171.4,287.2,274.5,169.1,137,317,192.2,275.1,53.7,124.8,145.9,75.4,289.1,94.3,156.7,101.4,213.1,255.5,70.4,88.3,237,213.4,235.9,183.4,284.1,126.4,237.9,194.5,73.8,259.3,247.5,200.4,213.8,143.8,173,225.7,155.4,222.1,218.1,60.4,151.3,186.2,204.1,101.8,233.2,216,226.3,191.9,113.1,41.2,275.1,180.2,224.4,192.7,179.4,191.8,155.1,179.4,134.1
"DaneCounty",78.7,281.2,230,314.5,134.4,198.3,284.7,108.8,198.1,172.5,29.8,118.4,18.1,50.5,198,311.3,205.9,173.8,257.3,71.3,230.9,79.4,42.9,69.6,45.7,253.7,131.1,38,82.7,99.2,166.3,138.7,67.4,177.7,169.1,124.2,143.1,194.9,61.9,160.8,75.8,104.7,168.4,203.3,111.2,95.1,199,224,262.5,104.1,228.8,99.4,68.4,43.4,223,240.9,51.1,270,156.8,105.4,195.9,160.2,100.1,230.9,66.3,261.2,71.8,60.7,128,91.3,90.3,116.9
"DodgeCounty",92.8,294,248.6,327.3,95,216.9,303.3,69.4,216.7,191.1,44.2,171.4,50.4,15.5,158.6,329.8,224.5,192.4,217.9,31.8,182.1,132.4,95.9,50.5,98.7,266.5,149.7,29.5,101.3,92.4,126.9,157.3,120.4,156.3,181.9,92.4,155.9,155.4,63.1,121.3,58.9,123.3,129,216.1,71.8,45.9,217.6,242.5,281.1,116.8,241.6,82.5,109.6,63.6,241.6,259.5,84,288.6,117.3,59.9,208.7,178.7,141.3,243.7,67.4,279.8,33.4,44.8,92.3,72.7,50.8,129.7
"DoorCounty",185.4,294.2,288.7,327.5,67.5,292.4,343.5,93.3,250.6,209.9,182.4,287.2,197.9,158.6,25,370,275.7,254.4,179.9,134.9,161.2,279.9,243.4,144.4,246.3,255,221.6,187.6,204.2,202.2,45.8,260,268,149.5,182.2,90.3,156.1,117.4,166.6,107.2,170.7,226,108.1,194.6,92.6,148.2,285.4,311.9,321.2,147,241.8,192.3,257.1,232.8,262.5,310.8,212.5,305.4,103.2,120.6,212.8,250.7,252.5,221.7,215.8,319.9,165.2,185,114.3,141.6,109.2,170.4
"DouglasCounty",254.1,82.5,90.2,46.3,312.4,177.1,75.7,332.9,126.8,183.5,292.5,274.5,311.2,329.8,370,19.8,126.3,139.1,216.1,326.5,216,296.5,338,294.9,306.6,115.2,182.4,338.5,234.2,409.9,338.3,215.8,334.2,221.9,193.2,348.3,215,269.9,275.4,287.1,376.4,219.6,273.8,172.3,310.6,368.6,170.1,149.2,108.2,249.6,135.7,400,275.5,347,122.9,133.6,275.2,75.4,268,358,171.4,182.6,241.8,173,369.9,52,356.1,361.3,285,280.9,317.8,225.1
"DunnCounty",148.8,161.9,38.7,152.8,218.1,65,99.8,245.3,42.7,89.2,187.2,169.1,205.8,224.5,275.7,126.3,15.1,33.7,238.7,221.1,196.8,191.1,232.6,189.6,201.3,188.8,77,233.2,128.8,304.5,244,109.2,228.9,174.3,150.6,254,120.7,242.9,170,192.9,271,114.3,212.5,168.4,216.3,263.3,30,44.6,67.1,147.9,126.8,294.6,170.1,241.6,76.6,43.4,169.8,102.3,173.7,252.6,98.3,77.2,136.4,190.7,264.5,76.2,250.7,255.9,190.8,175.5,212.4,119.8
"EauClaireCounty",116.7,174.8,57.9,165.7,196.8,44.1,112.6,213.3,26,67.9,155.1,137,173.7,192.4,254.4,139.1,33.7,13.1,233,189.1,191.1,159.1,200.6,157.5,169.2,183.9,44.9,201.1,96.7,272.5,222.7,82.7,196.8,153,129.3,232.7,99.3,221.5,138,171.5,239,82.2,191.2,163.4,180.8,231.2,37.1,69.9,90.4,115.8,125.5,262.6,138.1,209.5,65.7,68.8,137.8,97.8,152.4,220.6,76.9,45.2,104.4,191.1,232.5,89.1,218.7,223.9,153.4,143.5,180.4,87.7
"FlorenceCounty",222.2,149.1,204.5,170.6,126.3,271,229.7,156.9,213.6,191.8,248.3,317,257.2,217.9,179.9,216.1,238.7,233,11.5,194.3,57.3,339.3,302.8,203.8,305.6,121,231.3,246.9,241,273.3,148.2,277.3,327.3,91.5,109.1,161.3,141.6,67.8,225,111.8,241.7,243.3,104.5,87.8,152,219.2,264,290.5,237,169.3,134.6,263.4,290.6,292.1,169.7,261.3,262.7,177.4,131.6,191.6,165,252.1,284.4,76.9,286.8,206.1,230.5,256.1,160.7,188.3,168.5,186.5
"FondduLacCounty",95.7,264.7,245.2,298,71.3,213.5,299.9,38.6,213.3,163.8,55.6,192.2,71.2,31.8,134.9,326.5,221.1,189.1,194.3,14.2,158.5,153.2,116.7,34.7,119.5,237.2,146.3,60.8,97.9,97.8,103.2,153.9,141.2,132.6,152.7,54,126.6,131.8,56.9,97.7,64.3,119.9,105.3,177.7,48.1,51.4,214.2,239.2,277.7,91.4,212.3,87.9,130.4,106,229.1,256.1,89.6,272.1,93.7,36.8,179.4,175.4,142.8,204.8,94.7,276.4,38.8,59.7,68.6,64.4,27.2,108.5
"ForestCounty",180.3,140.5,162.6,170.4,103.6,229.1,217.3,134.2,171.8,149.8,206.4,275.1,230.8,182.1,161.2,216,196.8,191.1,57.3,158.5,16.6,313.7,277.2,168,268.5,106.4,189.4,211.1,199.1,251.5,129.5,235.3,301.8,50.5,67.3,139.5,99.7,73.4,183,67.1,219.9,201.3,63.7,46,111,197.4,222,248.6,195.1,127.3,97.8,241.6,248.6,266.6,127.8,219.5,220.7,159.4,86.9,169.8,123.2,210.2,242.4,71.5,250.6,193.8,194.7,215.6,116,147.7,132.7,144.6
"GrantCounty",127.1,296.5,215.2,323,216.3,160,270,190.7,183.3,157.7,112.6,53.7,79.4,132.4,279.9,296.5,191.1,159.1,339.3,153.2,313.7,17.7,76.7,151.5,36.4,336.5,116.3,117.7,100.3,174.1,248.2,92.6,40.3,260.5,252,206.1,225.9,276.8,144.7,242.7,155.5,95.9,250.4,286.1,193.1,174.8,166,195.2,247.7,186.9,244.1,179.1,49.5,106.7,208.3,226.1,82.2,255.2,238.7,187.3,214,135.3,63.3,313.7,141.2,246.4,153.7,140.4,210.9,174.1,172.2,156.2
"GreenCounty",109,296.2,256.8,364.6,179.8,225,311.5,154.2,224.9,199.3,76.1,124.8,42.9,95.9,243.4,338,232.6,200.6,302.8,116.7,277.2,76.7,12.4,115,47.5,300,157.9,68.1,109.4,99.7,211.7,165.5,39.2,224,215.5,192.7,189.4,240.3,108.2,206.2,109.1,131.5,213.9,249.6,156.6,133.2,225.8,250.7,289.3,150.4,243.8,100.2,85.8,40.6,249.8,267.7,73.8,296.8,202.2,150.8,213.6,186.9,117.5,277.2,66.8,288,117.2,103.9,174.4,137.6,135.7,163.3
"GreenLakeCounty",59.2,239.6,213.7,272.9,80.8,181.9,268.4,69.5,181.8,129.9,44.7,145.9,69.4,50.5,144.4,294.9,189.6,157.5,203.8,34.7,168,151.5,115,10,117.8,212,114.8,81.9,66.3,129.9,112.7,122.4,139.5,125.2,127.5,93.2,101.4,141.3,25.4,107.2,96.4,88.4,114.9,161.7,57.6,83.5,182.7,207.6,246.2,62.4,187.2,120,106,104.3,206.7,224.6,71.3,253.6,103.2,66.2,154.3,143.8,111.3,189.3,127.3,244.9,70.9,91.8,55.2,31.3,36.7,75.3
"IowaCounty",90.9,263.4,225.4,296.7,182.7,193.7,280.1,157.1,193.5,167.9,79,75.4,45.7,98.7,246.3,306.6,201.3,169.2,305.6,119.5,268.5,36.4,47.5,117.8,14.3,291.3,126.5,84,78.1,140.5,214.6,126.1,27.8,215.3,206.7,172.4,180.7,243.1,99.5,209,121.9,92.1,216.7,240.9,159.5,141.1,194.4,219.4,257.9,141.7,211,145.5,42.1,78.6,218.4,236.3,46,265.4,205,153.6,180.8,155.6,73.8,268.5,107.6,256.6,120.1,106.8,165.6,128.9,138.5,123
"IronCounty",203,44.9,154.6,69.6,197.4,222,155.8,229.6,165.1,151.2,229.1,289.1,253.6,266.5,255,115.2,188.8,183.9,121,237.2,106.4,336.5,300,212,291.3,15.6,194.9,281,221.8,332.4,223.3,249.3,324.5,112.3,86.7,233.3,122.5,173.9,205.8,155.4,298.9,215.3,164.2,62.7,207.3,286,214.9,221.2,181.2,150.1,71.4,322.5,271.4,289.4,121.2,205.6,243.5,114.3,164.7,263.6,123,212.6,256.4,63.4,312.3,123.9,273.4,303.7,181.7,190.2,213.1,167.3
"JacksonCounty",74,180.3,101.1,208.9,161.4,69.4,155.8,170.5,69.2,44.8,112.4,94.3,131,149.7,221.6,182.4,77,44.9,231.3,146.3,189.4,116.3,157.9,114.8,126.5,194.9,16.3,158.4,54,229.7,189.9,54.5,154.1,151.3,127.7,194.1,97.7,218,95.2,162.9,196.2,39.5,182.5,161.8,143.8,188.5,70.1,95.1,133.6,80.4,127.9,219.8,95.3,166.8,94.1,112,95,141.1,143.7,177.8,97.7,31.3,61.6,189.4,189.7,132.3,175.9,181.1,118.2,100.7,137.7,56.6
"JeffersonCounty",106,308.5,257.3,341.8,124,225.6,312,98.4,225.4,199.8,57.1,156.7,37.9,29.5,187.6,338.5,233.2,201.1,246.9,60.8,211.1,117.7,68.1,81.9,84,281,158.4,12.4,110,79.7,155.9,166,105.7,205,196.4,127.9,170.4,184.5,89.2,150.3,46.2,132,158,230.6,100.8,65.4,226.3,251.3,289.8,131.4,256.1,69.8,103.4,36.2,250.3,268.2,81.2,297.3,146.4,103.6,223.2,187.4,135.1,258.2,41.8,288.5,54.9,31.1,121.3,118.6,79.8,144.2
"JuneauCounty",32.7,191.6,152.9,224.9,140.6,121.2,207.6,129.3,121,95.4,64,101.4,82.6,101.3,204.2,234.2,128.8,96.7,241,97.9,199.1,100.3,109.4,66.3,78.1,221.8,54,110,14.6,181.3,172.5,61.6,105.7,145.9,137.3,152.9,100.4,201,46.8,142.2,147.8,27.6,163.7,171.4,117.4,140.1,121.9,146.9,185.4,72.2,139.2,171.4,52.3,118.4,145.9,163.8,46.6,192.9,132.9,129.4,109,83.1,57.6,199.1,141.3,184.1,127.5,132.7,96.2,59.5,96.4,51.2
"KenoshaCounty",177.4,359.9,328.6,393.2,150.7,296.9,383.4,118.4,296.7,271.1,128.4,213.1,99.2,92.4,202.2,409.9,304.5,272.5,273.3,97.8,251.5,174.1,99.7,129.9,140.5,332.4,229.7,79.7,181.3,14.1,170.5,237.3,128.1,227.8,247.9,115.5,221.8,210.8,160.5,192.9,35.7,203.3,198.3,272.9,143.3,56,297.6,322.6,361.1,202.7,307.5,12.3,163.1,62.9,321.7,339.5,152.6,368.6,188.9,91.1,274.7,258.8,194.9,300,35.9,359.8,66.1,50,163.9,159.6,122.4,215.6
"KewauneeCounty",153.7,262.5,257,295.9,35.8,260.7,311.8,61.6,218.9,178.2,150.7,255.5,166.2,126.9,45.8,338.3,244,222.7,148.2,103.2,129.5,248.2,211.7,112.7,214.6,223.3,189.9,155.9,172.5,170.5,16.9,228.4,236.3,117.8,150.5,58.6,124.4,85.7,134.9,75.5,139,194.3,76.4,162.9,60.9,116.5,253.6,280.2,289.5,115.3,210.1,160.6,225.4,201.1,230.8,279.1,180.8,273.7,71.5,88.9,181.1,219,220.8,190,184.1,288.2,133.5,153.3,82.6,109.9,77.5,138.7
"LaCrosseCounty",88.6,234.7,134.6,242.4,196.4,69.3,189.3,185.1,102.7,95.9,120,70.4,138.6,157.3,260,215.8,109.2,82.7,277.3,153.9,235.3,92.6,165.5,122.4,126.1,249.3,54.5,166,61.6,237.3,228.4,11.3,132.3,197.3,173.6,208.8,143.6,256.9,102.8,198.1,203.9,34.1,219.6,207.7,173.3,196.1,79.2,108.3,167.9,115.6,182.4,227.4,71.4,174.4,131.9,144.3,102.6,174.5,176.3,185.4,143.1,44.5,38,235.4,197.4,165.7,183.6,188.8,152.1,115.4,152.3,94.4
"LafayetteCounty",118.5,291,253,324.3,204.4,200.2,307.7,178.8,221.1,195.5,100.7,88.3,67.4,120.4,268,334.2,228.9,196.8,327.3,141.2,301.8,40.3,39.2,139.5,27.8,324.5,154.1,105.7,105.7,128.1,236.3,132.3,13,248.6,240,194.1,213.9,264.8,132.8,230.7,143.6,119.7,238.4,274.2,181.2,162.8,222,246.9,285.5,174.9,238.6,128.6,65.9,69.1,246,263.9,73.6,293,226.7,175.4,208.4,183.1,97.6,301.8,95.3,284.2,141.8,128.5,198.9,162.2,160.2,150.6
"LangladeCounty",127.1,146.4,165.5,176.3,91.9,191,220.3,118.7,149.1,111.8,153.2,237,177.6,156.3,149.5,221.9,174.3,153,91.5,132.6,50.5,260.5,224,125.2,215.3,112.3,151.3,205,145.9,227.8,117.8,197.3,248.6,15.3,49.2,127.9,61.6,86.7,129.8,50.3,194.3,163.2,67.5,51.9,92.5,185.8,183.9,210.5,198,74.1,103.7,217.9,195.4,213.4,133.7,209.4,167.5,165.3,56.4,158.2,85.3,172.1,204.4,79,224.8,196.7,168.9,189.7,73.5,103.5,106.9,106.5
"LincolnCounty",118.5,114.3,126.7,147.6,124.6,167.3,181.4,145.1,125.5,88.1,144.6,213.4,169.1,181.9,182.2,193.2,150.6,129.3,109.1,152.7,67.3,252,215.5,127.5,206.7,86.7,127.7,196.4,137.3,247.9,150.5,173.6,240,49.2,15.5,160.5,38,117.7,121.3,78.8,214.4,139.6,98.6,38.9,122.8,201.4,160.3,186.8,159.2,65.6,61.9,238,186.9,204.8,91.9,185.7,159,130.9,80.2,190.8,59.5,148.4,180.7,64,227.8,157.9,188.9,219.2,97.2,105.7,128.6,82.8
"ManitowocCounty",134.1,272.6,267.1,305.9,38.8,261.3,321.8,37.8,228.9,183.9,108.6,235.9,124.1,92.4,90.3,348.3,254,232.7,161.3,54,139.5,206.1,169.6,93.2,172.4,233.3,194.1,127.9,152.9,115.5,58.6,208.8,194.1,127.9,160.5,19.9,134.4,98.8,115.3,85.5,83.9,174.8,86.4,172.9,50.5,61.4,263.7,290.2,299.6,111.4,220.2,105.6,183.3,155.9,240.8,289.1,142.5,283.7,81.5,33.8,191.1,223.2,201.3,200.1,129,298.3,78.5,98.3,87.6,102.9,57.9,134.8
"MarathonCounty",92.4,140.3,133.7,173.6,98.5,137.4,188.4,119,95.5,58.1,118.6,183.4,143,155.9,156.1,215,120.7,99.3,141.6,126.6,99.7,225.9,189.4,101.4,180.7,122.5,97.7,170.4,100.4,221.8,124.4,143.6,213.9,61.6,38,134.4,20.4,130.2,95.2,73.2,188.3,109.6,92.9,72.1,96.7,175.4,130.3,156.9,166.2,39.5,87.9,211.9,150,178.8,107.4,155.7,132.9,150.4,54.1,164.8,57.7,118.5,150.7,99.7,201.7,164.9,162.8,193.1,71.1,79.6,102.6,56.7
"MarinetteCounty",182.2,202.8,230.1,224.3,63.8,259.6,284.8,94.4,217.7,180.3,179.3,284.1,194.8,155.4,117.4,269.9,242.9,221.5,67.8,131.8,73.4,276.8,240.3,141.3,243.1,173.9,218,184.5,201,210.8,85.7,256.9,264.8,86.7,117.7,98.8,130.2,20.3,163.5,78.7,179.2,222.9,36.3,113.5,89.5,156.8,252.5,279,262.6,135.8,165.3,200.9,254,229.7,195.3,277.9,209.4,226.9,75.5,129.1,153.8,238.8,249.4,134.1,224.3,261.3,168,193.6,104.5,138.1,106.1,166.9
"MarquetteCounty",39.6,233.3,194.1,266.6,103,162.4,248.9,91.7,162.2,123.6,33,126.4,61.8,63.1,166.6,275.4,170,138,225,56.9,183,144.7,108.2,25.4,99.5,205.8,95.2,89.2,46.8,160.5,134.9,102.8,132.8,129.8,121.3,115.3,95.2,163.5,11.1,116.1,127,68.8,137,155.4,79.8,105.7,163.1,188.1,226.6,56.2,180.9,150.6,86.4,97.6,187.2,205.1,51.7,234.1,116.8,88.4,148.1,124.3,91.7,183,120.5,225.3,93.1,111.9,70,33.3,58.9,69.1
"MenomineeCounty",123.4,189.6,205.9,219.5,49.6,209.5,260.6,76.4,167.7,127.1,135.4,237.9,160.6,121.3,107.2,287.1,192.9,171.5,111.8,97.7,67.1,242.7,206.2,107.2,209,155.4,162.9,150.3,142.2,192.9,75.5,198.1,230.7,50.3,78.8,85.5,73.2,78.7,116.1,9.8,159.4,164.1,44,95.1,50.2,143.4,202.5,229,238.4,80.7,138.5,183,191.8,195.5,168.5,227.9,163.9,207.6,20.3,115.8,114.9,183.6,197.1,120.6,189.8,237.1,133.9,154.8,49.4,84.2,71.9,115.6
"MilwaukeeCounty",143.9,326.4,295.1,359.8,119.2,263.4,349.9,86.9,263.3,237.6,94.9,194.5,75.7,58.9,170.7,376.4,271,239,241.7,64.3,219.9,155.5,109.1,96.4,121.9,298.9,196.2,46.2,147.8,35.7,139,203.9,143.6,194.3,214.4,83.9,188.3,179.2,127,159.4,17.7,169.8,166.8,239.4,109.8,24.4,264.1,289.1,327.6,169.2,274,25.8,141.3,72.3,288.2,306.1,119.1,335.1,155.4,59.5,241.2,225.3,173,266.5,45.4,326.3,32.6,16.5,130.4,126.2,88.9,182.1
"MonroeCounty",54.6,200.7,138.4,246.2,162.4,100.1,193.1,151.1,106.5,80.9,86,73.8,104.6,123.3,226,219.6,114.3,82.2,243.3,119.9,201.3,95.9,131.5,88.4,92.1,215.3,39.5,132,27.6,203.3,194.3,34.1,119.7,163.2,139.6,174.8,109.6,222.9,68.8,164.1,169.8,15.5,185.6,173.7,139.2,162.1,107.4,132.4,170.9,81.6,148.3,193.4,61.9,140.4,131.4,149.3,68.6,178.4,142.2,151.4,118.2,68.6,41.2,201.3,163.3,169.6,149.5,154.7,118.1,81.3,118.3,60.4
"OcontoCounty",144.9,198.3,225.6,228.3,50.5,229.2,280.3,81.1,187.4,146.8,152.8,259.3,168.3,129,108.1,273.8,212.5,191.2,104.5,105.3,63.7,250.4,213.9,114.9,216.7,164.2,182.5,158,163.7,198.3,76.4,219.6,238.4,67.5,98.6,86.4,92.9,36.3,137,44,166.8,185.6,17.4,103.8,57.9,144.3,222.2,248.7,258.1,100.3,155.6,188.5,213.3,203.2,185.6,247.6,182.9,217.2,40,116.7,134.7,203.3,218.6,129.3,197.5,256.7,141.6,162.5,69.1,105.7,79.6,135.3
"OneidaCounty",152.7,96.8,134.2,126.7,137,201.5,167.9,163.8,143.4,122.2,178.8,247.5,203.2,216.1,194.6,172.3,168.4,163.4,87.8,177.7,46,286.1,249.6,161.7,240.9,62.7,161.8,230.6,171.4,272.9,162.9,207.7,274.2,51.9,38.9,172.9,72.1,113.5,155.4,95.1,239.4,173.7,103.8,18.1,137.6,230.9,194.4,221,166.7,99.7,69.4,263,221,239,99.4,191.1,193.1,115.7,101.5,203.3,94.8,182.6,214.9,39.9,261.9,144.4,213.9,253.3,118.6,139.8,152,117
"OutagamieCounty",98.6,234.8,229.3,268.1,29,205.2,284.1,26.8,191.1,141.6,95.6,200.4,111.1,71.8,92.6,310.6,216.3,180.8,152,48.1,111,193.1,156.6,57.6,159.5,207.3,143.8,100.8,117.4,143.3,60.9,173.3,181.2,92.5,122.8,50.5,96.7,89.5,79.8,50.2,109.8,139.2,57.9,137.6,13.1,96.9,205.9,230.9,261.8,69.2,182.4,133.4,170.4,146,203.1,251.4,125.7,246,46.2,67,153.4,172.9,165.7,164.7,140.3,260.5,84.3,105.2,40.8,63.8,22.4,92.6
"OzaukeeCounty",128.1,313.5,287.4,346.8,96.7,255.6,342.1,64.4,255.5,212.6,79.5,213.8,95,45.9,148.2,368.6,263.3,231.2,219.2,51.4,197.4,174.8,133.2,83.5,141.1,286,188.5,65.4,140.1,56,116.5,196.1,162.8,185.8,201.4,61.4,175.4,156.8,105.7,143.4,24.4,162.1,144.3,230.9,96.9,17.2,256.4,281.3,319.9,140.1,261.1,46.1,143.5,96.4,280.4,298.3,122.8,327.4,139.5,37.1,228.2,217.5,175.2,258,69.5,318.6,17.8,35.8,117.4,113.2,75.9,157.2
"PepinCounty",141.9,205.7,67.6,196.7,227.7,30.3,123.1,238.4,57,89.9,180.3,143.7,198.9,217.6,285.4,170.1,30,37.1,264,214.2,222,165.9,225.8,182.7,194.4,214.9,70.1,226.3,121.9,297.6,253.6,79.2,222,183.9,160.3,263.7,130.3,252.5,163.1,202.5,264.1,107.4,222.2,194.4,205.9,256.4,8.1,32.2,89.8,141,156.4,287.8,144.7,234.7,96.7,66.1,162.9,128.8,183.4,245.7,107.9,59.2,111.3,222.1,257.7,120,243.9,249.1,178.6,168.7,205.6,112.9
"PierceCounty",166.8,184.9,76.9,175.8,254.3,61.8,92.2,263.4,78.9,125.4,205.2,172.9,223.9,242.5,311.9,149.2,44.6,69.9,290.5,239.2,248.6,195.1,250.7,207.6,219.4,221.2,95.1,251.3,146.9,322.6,280.2,108.3,246.9,210.5,186.8,290.2,156.9,279,188.1,229,289.1,132.4,248.7,221,230.9,281.3,32.2,12.5,58.9,166,171.1,312.7,188.2,259.6,119.3,35.2,187.9,136.5,209.9,270.7,134.5,84.1,140.4,248.6,282.6,99.2,268.8,274,203.5,193.6,230.5,137.8
"PolkCounty",205.4,144.9,37,135.9,263.6,123.7,33.4,284.1,78.1,134.8,243.8,225.7,262.4,281.1,321.2,108.2,67.1,90.4,237,277.7,195.1,247.7,289.3,246.2,257.9,181.2,133.6,289.8,185.4,361.1,289.5,167.9,285.5,198,159.2,299.6,166.2,262.6,226.6,238.4,327.6,170.9,258.1,166.7,261.8,319.9,89.8,58.9,15.9,200.8,125.1,351.2,226.7,298.2,74.1,43.3,226.4,96.6,219.2,309.2,122.6,133.9,193.1,189,321.1,59.2,307.4,312.5,236.3,232.2,269.1,176.4
"PortageCounty",53.4,177.6,168.3,210.9,86.8,140.3,223,87.8,130.1,76.7,79.6,155.4,104,116.8,147,249.6,147.9,115.8,169.3,91.4,127.3,186.9,150.4,62.4,141.7,150.1,80.4,131.4,72.2,202.7,115.3,115.6,174.9,74.1,65.6,111.4,39.5,135.8,56.2,80.7,169.2,81.6,100.3,99.7,69.2,140.1,141,166,200.8,14.8,125.2,192.8,121.8,139.8,142.1,182.9,93.9,185,61.1,122.9,92.3,109.5,127.1,127.3,162.7,199.5,127.6,154.1,43.6,40.6,67.3,29.1
"PriceCounty",148.1,56.8,92.6,90.2,184.2,163.5,128,204.7,101.8,84.3,204.3,222.1,228.7,241.6,241.8,135.7,126.8,125.5,134.6,212.3,97.8,244.1,243.8,187.2,211,71.4,127.9,256.1,139.2,307.5,210.1,182.4,238.6,103.7,61.9,220.2,87.9,165.3,180.9,138.5,274,148.3,155.6,69.4,182.4,261.1,156.4,171.1,125.1,125.2,18.4,297.6,188.7,264.5,57.8,149.5,180.9,75.7,139.8,250.5,56.1,148.7,189.5,76.9,287.5,104.4,248.6,278.8,156.9,165.4,188.3,105.1
"RacineCounty",167.5,350,318.7,383.4,140.8,287,373.5,108.5,286.9,261.2,118.5,218.1,99.3,82.5,192.3,400,294.6,262.6,263.4,87.9,241.6,179.1,100.2,120,145.5,322.5,219.8,69.8,171.4,12.3,160.6,227.4,128.6,217.9,238,105.6,211.9,200.9,150.6,183,25.8,193.4,188.5,263,133.4,46.1,287.8,312.7,351.2,192.8,297.6,14.5,164.9,63.4,311.8,329.7,142.7,358.7,179,81.2,264.8,248.9,196.6,290.1,36.5,349.9,56.2,40.1,154,149.8,112.5,205.7
"RichlandCounty",76.1,241.1,194.2,302,193.5,138.8,248.9,167.9,162.3,136.7,79.9,60.4,68.4,109.6,257.1,275.5,170.1,138.1,290.6,130.4,248.6,49.5,85.8,106,42.1,271.4,95.3,103.4,52.3,163.1,225.4,71.4,65.9,195.4,186.9,183.3,150,254,86.4,191.8,141.3,61.9,213.3,221,170.4,143.5,144.8,188.2,226.7,121.8,188.7,164.9,12.5,107.3,187.3,205.1,53.8,234.2,182.4,164.5,158.6,124.4,33.3,248.6,130.3,225.4,131,126.2,145.8,109.1,149.4,100.8
"RockCounty",114.4,316.9,265.7,350.2,169.2,234,320.4,143.6,233.8,208.2,65.5,151.3,43.4,63.6,232.8,347,241.6,209.5,292.1,106,266.6,106.7,40.6,104.3,78.6,289.4,166.8,36.2,118.4,62.9,201.1,174.4,69.1,213.4,204.8,155.9,178.8,229.7,97.6,195.5,72.3,140.4,203.2,239,146,96.4,234.7,259.6,298.2,139.8,264.5,63.4,107.3,13.9,258.7,276.6,89.6,305.7,191.6,131.6,231.6,195.9,139,266.6,30,296.9,90.3,68.4,163.7,127,125,152.6
"RuskCounty",165.9,106.6,41.6,115.8,204.9,103.7,96.3,225.4,46.9,76,204.3,186.2,222.9,241.6,262.5,122.9,76.6,65.7,169.7,229.1,127.8,208.3,249.8,206.7,218.4,121.2,94.1,250.3,145.9,321.7,230.8,131.9,246,133.7,91.9,240.8,107.4,195.3,187.2,168.5,288.2,131.4,185.6,99.4,203.1,280.4,96.7,119.3,74.1,142.1,57.8,311.8,187.3,258.7,15.7,98.5,187,45.9,160.5,271.1,59.8,94.4,153.6,121.7,281.7,72.8,267.9,273.1,177.5,182.2,205.1,124.6
"StCroixCounty",183.8,169.3,61.4,160.2,253.1,100,76.6,280.4,77.8,124.3,222.2,204.1,240.8,259.5,310.8,133.6,43.4,68.8,261.3,256.1,219.5,226.1,267.7,224.6,236.3,205.6,112,268.2,163.8,339.5,279.1,144.3,263.9,209.4,185.7,289.1,155.7,277.9,205.1,227.9,306.1,149.3,247.6,191.1,251.4,298.3,66.1,35.2,43.3,182.9,149.5,329.7,205.1,276.6,98.5,14,204.9,120.9,208.8,287.6,133.3,112.3,171.5,213.4,299.6,83.6,285.8,291,225.8,210.6,247.5,154.8
"SaukCounty",46.2,233.3,193.9,301.7,148.9,162.2,248.6,127.1,162,136.4,46.7,101.8,51.1,84,212.5,275.2,169.8,137.8,262.7,89.6,220.7,82.2,73.8,71.3,46,243.5,95,81.2,46.6,152.6,180.8,102.6,73.6,167.5,159,142.5,132.9,209.4,51.7,163.9,119.1,68.6,182.9,193.1,125.7,122.8,162.9,187.9,226.4,93.9,180.9,142.7,53.8,89.6,187,204.9,15,233.9,154.5,125.3,150.8,124.1,67.2,220.7,112.6,225.1,110.2,104,117.8,81.2,104.8,83.9
"SawyerCounty",212.9,68.6,68.1,74,247.8,135.9,71.2,268.3,80.2,118.9,251.3,233.2,269.9,288.6,305.4,75.4,102.3,97.8,177.4,272.1,159.4,255.2,296.8,253.6,265.4,114.3,141.1,297.3,192.9,368.6,273.7,174.5,293,165.3,130.9,283.7,150.4,226.9,234.1,207.6,335.1,178.4,217.2,115.7,246,327.4,128.8,136.5,96.6,185,75.7,358.7,234.2,305.7,45.9,120.9,233.9,18.9,203.4,314.1,102.8,141.3,200.5,119.8,328.6,47.6,314.8,320,220.4,225.1,248.1,167.6
"ShawanoCounty",114.1,192.2,186.7,225.6,45.6,190.4,241.5,72.4,148.6,107.9,131.4,216,156.7,117.3,103.2,268,173.7,152.4,131.6,93.7,86.9,238.7,202.2,103.2,205,164.7,143.7,146.4,132.9,188.9,71.5,176.3,226.7,56.4,80.2,81.5,54.1,75.5,116.8,20.3,155.4,142.2,40,101.5,46.2,139.5,183.4,209.9,219.2,61.1,139.8,179,182.4,191.6,160.5,208.8,154.5,203.4,15.5,111.8,110.8,164.5,187.7,128.6,185.8,217.9,129.9,150.8,45.4,80.2,68,96.5
"SheboyganCounty",127.2,302.9,276.7,336.2,69.1,245,331.5,40.3,244.8,195.3,99.2,226.3,105.3,59.9,120.6,358,252.6,220.6,191.6,36.8,169.8,187.3,150.8,66.2,153.6,263.6,177.8,103.6,129.4,91.1,88.9,185.4,175.4,158.2,190.8,33.8,164.8,129.1,88.4,115.8,59.5,151.4,116.7,203.3,67,37.1,245.7,270.7,309.2,122.9,250.5,81.2,164.5,131.6,271.1,287.6,125.3,314.1,111.8,18.3,221.4,206.9,174.3,230.4,104.6,307.9,38.9,73.9,100.7,95.9,58.7,140
"TaylorCounty",117.9,108.5,90.1,141.8,155.2,115,144.8,175.7,65.9,54.1,171.4,191.9,195.8,208.7,212.8,171.4,98.3,76.9,165,179.4,123.2,214,213.6,154.3,180.8,123,97.7,223.2,109,274.7,181.1,143.1,208.4,85.3,59.5,191.1,57.7,153.8,148.1,114.9,241.2,118.2,134.7,94.8,153.4,228.2,107.9,134.5,122.6,92.3,56.1,264.8,158.6,231.6,59.8,133.3,150.8,102.8,110.8,221.4,16.1,105.6,159.3,118.7,254.6,121.3,215.7,246,127.8,132.5,155.4,74.9
"TrempealeauCounty",103,198,101.3,209.2,190.5,58.4,156.1,199.6,69.5,65.6,141.4,113.1,160.1,178.7,250.7,182.6,77.2,45.2,252.1,175.4,210.2,135.3,186.9,143.8,155.6,212.6,31.3,187.4,83.1,258.8,219,44.5,183.1,172.1,148.4,223.2,118.5,238.8,124.3,183.6,225.3,68.6,203.3,182.6,172.9,217.5,59.2,84.1,133.9,109.5,148.7,248.9,124.4,195.9,94.4,112.3,124.1,141.3,164.5,206.9,105.6,14,80.6,210.2,218.8,132.5,205,210.2,147.3,129.8,166.7,81.5
"VernonCounty",81.3,241.9,160.6,268.4,188.9,105.4,215.3,177.6,128.7,103.1,102.2,41.2,100.1,141.3,252.5,241.8,136.4,104.4,284.4,142.8,242.4,63.3,117.5,111.3,73.8,256.4,61.6,135.1,57.6,194.9,220.8,38,97.6,204.4,180.7,201.3,150.7,249.4,91.7,197.1,173,41.2,218.6,214.9,165.7,175.2,111.4,140.5,193.1,127.1,189.5,196.6,33.3,139,153.6,171.5,67.2,200.5,187.7,174.3,159.3,80.6,14.7,242.5,162,191.8,162.7,157.9,151.1,114.3,144.8,101.5
"VilasCounty",180.3,100.9,156.5,127.4,164.1,229.1,172.1,190.9,165.7,149.9,206.4,275.1,230.8,243.7,221.7,173,190.7,191.1,76.9,204.8,71.5,313.7,277.2,189.3,268.5,63.4,189.4,258.2,199.1,300,190,235.4,301.8,79,64,200.1,99.7,134.1,183,120.6,266.5,201.3,129.3,39.9,164.7,258,222.1,248.6,189,127.3,76.9,290.1,248.6,266.6,121.7,213.4,220.7,119.8,128.6,230.4,118.7,210.2,242.5,16.4,289.5,148.5,241.1,280.9,145.7,167.5,179.1,144.6
"WalworthCounty",137.4,339.8,288.6,373.2,164.2,256.9,343.4,131.9,256.8,231.1,88.4,180.2,66.3,67.4,215.8,369.9,264.5,232.5,286.8,94.7,250.6,141.2,66.8,127.3,107.6,312.3,189.7,41.8,141.3,35.9,184.1,197.4,95.3,224.8,227.8,129,201.7,224.3,120.5,189.8,45.4,163.3,197.5,261.9,140.3,69.5,257.7,282.6,321.1,162.7,287.5,36.5,130.3,30,281.7,299.6,112.6,328.6,185.8,104.6,254.6,218.8,162,289.5,12.4,319.8,63.4,41.5,160.8,150,119.3,175.6
"WashburnCounty",204.1,87.6,40.1,78.5,262.3,127.1,33.8,282.8,76.8,133.4,242.5,224.4,261.1,279.8,319.9,52,76.2,89.1,206.1,276.4,193.8,246.4,288,244.9,256.6,123.9,132.3,288.5,184.1,359.8,288.2,165.7,284.2,196.7,157.9,298.3,164.9,261.3,225.3,237.1,326.3,169.6,256.7,144.4,260.5,318.6,120,99.2,59.2,199.5,104.4,349.9,225.4,296.9,72.8,83.6,225.1,47.6,217.9,307.9,121.3,132.5,191.8,148.5,319.8,15,306,311.2,235,230.8,267.8,175.1
"WashingtonCounty",115.6,300.9,274.9,334.3,107.5,243.1,329.6,71.1,243,200.1,67,192.7,71.7,33.4,165.2,356.1,250.7,218.7,230.5,38.8,194.7,153.7,117.2,70.9,120.1,273.4,175.9,54.9,127.5,66.1,133.5,183.6,141.8,168.9,188.9,78.5,162.8,168,93.1,133.9,32.6,149.5,141.6,213.9,84.3,17.8,243.9,268.8,307.4,127.6,248.6,56.2,131,90.3,267.9,285.8,110.2,314.8,129.9,38.9,215.7,205,162.7,241.1,63.4,306,10.7,28.4,104.9,100.7,63.4,144.7
"WaukeshaCounty",128.8,331.2,280,364.5,133.5,248.3,334.8,94.3,248.2,222.5,79.8,179.4,60.6,44.8,185,361.3,255.9,223.9,256.1,59.7,215.6,140.4,103.9,91.8,106.8,303.7,181.1,31.1,132.7,50,153.3,188.8,128.5,189.7,219.2,98.3,193.1,193.6,111.9,154.8,16.5,154.7,162.5,253.3,105.2,35.8,249.1,274,312.5,154.1,278.8,40.1,126.2,68.4,273.1,291,104,320,150.8,73.9,246,210.2,157.9,280.9,41.5,311.2,28.4,12.4,125.8,121.6,84.3,167
"WaupacaCounty",77.4,209.3,203.8,242.6,54,177.8,258.5,60.5,165.6,114.3,89.4,191.8,127.9,92.3,114.3,285,190.8,153.4,160.7,68.6,116,210.9,174.4,55.2,165.6,181.7,118.2,121.3,96.2,163.9,82.6,152.1,198.9,73.5,97.2,87.6,71.1,104.5,70,49.4,130.4,118.1,69.1,118.6,40.8,117.4,178.6,203.5,236.3,43.6,156.9,154,145.8,163.7,177.5,225.8,117.8,220.4,45.4,100.7,127.8,147.3,151.1,145.7,160.8,235,104.9,125.8,14.2,38.2,46,67
"WausharaCounty",40.7,217.8,199.7,251.1,81.4,167.9,254.4,79.3,167.8,108.1,52.7,155.1,91.2,72.7,141.6,280.9,175.5,143.5,188.3,64.4,147.7,174.1,137.6,31.3,128.9,190.2,100.7,118.6,59.5,159.6,109.9,115.4,162.2,103.5,105.7,102.9,79.6,138.1,33.3,84.2,126.2,81.3,105.7,139.8,63.8,113.2,168.7,193.6,232.2,40.6,165.4,149.8,109.1,127,182.2,210.6,81.2,225.1,80.2,95.9,132.5,129.8,114.3,167.5,150,230.8,100.7,121.6,38.2,13,46.4,53.5
"WinnebagoCounty",77.6,240.7,236.6,274,45.6,204.8,291.3,34.3,193.2,139.8,74.6,179.4,90.2,50.8,109.2,317.8,212.4,180.4,168.5,27.2,132.7,172.2,135.7,36.7,138.5,213.1,137.7,79.8,96.4,122.4,77.5,152.3,160.2,106.9,128.6,57.9,102.6,106.1,58.9,71.9,88.9,118.3,79.6,152,22.4,75.9,205.6,230.5,269.1,67.3,188.3,112.5,149.4,125,205.1,247.5,104.8,248.1,68,58.7,155.4,166.7,144.8,179.1,119.3,267.8,63.4,84.3,46,46.4,12.4,90.4
"WoodCounty",41.5,157.5,143.9,190.8,110.2,112.1,198.6,111.2,112.7,53.1,92.4,134.1,116.8,129.7,170.4,225.1,119.8,87.7,186.5,108.5,144.6,156.2,163.3,75.3,123,167.3,56.6,144.2,51.2,215.6,138.7,94.4,150.6,106.5,82.8,134.8,56.7,166.9,69.1,115.6,182.1,60.4,135.3,117,92.6,157.2,112.9,137.8,176.4,29.1,105.1,205.7,100.8,152.6,124.6,154.8,83.9,167.6,96.5,140,74.9,81.5,101.5,144.6,175.6,175.1,144.7,167,67,53.5,90.4,14.6
