"County","AdamsCounty","AsotinCounty","BentonCounty","ChelanCounty","ClallamCounty","ClarkCounty","ColumbiaCounty","CowlitzCounty","DouglasCounty","FerryCounty","FranklinCounty","GarfieldCounty","GrantCounty","GraysHarborCounty","IslandCounty","JeffersonCounty","KingCounty","KitsapCounty","KittitasCounty","KlickitatCounty","LewisCounty","LincolnCounty","MasonCounty","OkanoganCounty","PacificCounty","PendOreilleCounty","PierceCounty","SanJuanCounty","SkagitCounty","SkamaniaCounty","SnohomishCounty","SpokaneCounty","StevensCounty","ThurstonCounty","WahkiakumCounty","WallaWallaCounty","WhatcomCounty","WhitmanCounty","YakimaCounty"
"AdamsCounty",22.6,129,81.4,128,355.7,284,81.4,330.1,116.1,132.3,55.1,97.1,50.5,309.3,265.5,319.5,209.8,273.1,120.3,189.6,266.3,78.7,290.3,151.7,346.5,145.7,233.4,314.2,278.8,251.4,236.8,83,136.9,264.4,355.1,117.3,304.5,83,150
"AsotinCounty",129,13,152.7,251.2,457.5,348.4,77.6,392.7,239.3,234.1,137.4,42.9,173.6,411.1,367.3,421.3,311.6,374.9,222.1,260.8,351.3,162.2,392.1,266.1,448.3,182.1,335.3,416,380.6,315.9,338.6,119.4,177.9,366.1,419.6,112,406.3,62.8,217.9
"BentonCounty",81.4,152.7,21.6,149.2,351.4,221.3,77.3,265.5,161.4,211.3,28.1,120.8,95.7,304.9,261.1,315.1,205.4,268.7,115.9,109.4,199.9,162.6,285.9,214.5,269.1,215.3,229.1,309.8,274.4,188.8,232.4,152.6,206.5,260,292.4,68.1,300.1,130.6,66.6
"ChelanCounty",128,251.2,149.2,28.2,286.7,294,203.6,261.1,55.7,174.9,146.9,219.3,79.8,240.3,198.8,250.5,140.8,204.1,69.1,182.6,233.3,137.1,221.3,102.5,277.5,257.2,164.4,197.7,162.3,254.1,118,194.5,215.1,195.3,293.6,209.1,188,209.2,116.2
"ClallamCounty",355.7,457.5,351.4,286.7,26.6,246.2,410,213.3,322.7,386.7,353.3,425.6,319.8,143.2,79.9,61.8,157.5,94.3,236.9,341.5,185.5,395.5,114.8,314.3,207.6,485,137.1,141.6,130.4,272.8,114.6,422.3,476.2,147.6,245.8,418.1,152.4,411.6,293.8
"ClarkCounty",284,348.4,221.3,294,246.2,13.2,273.1,50.6,330,413.8,230.6,316.5,290.8,141.3,213.2,190.4,164.7,175.4,244.2,101.6,85.2,365.2,139.6,397.9,116.3,417.9,137.1,274.1,238.7,64.7,196.7,355.1,409,108.8,77.5,246.9,264.4,333.2,183.2
"ColumbiaCounty",81.4,77.6,77.3,203.6,410,273.1,15.2,317.3,191.8,249.2,73.2,45.7,126.1,363.5,319.7,373.7,264.1,327.4,174.5,185.5,276,149.1,344.6,230.6,383.1,190.5,287.7,368.5,333,240.6,291.1,127.8,193,318.6,344.3,36.7,358.8,68.5,142.6
"CowlitzCounty",330.1,392.7,265.5,261.1,213.3,50.6,317.3,17.6,297.1,437.4,274.9,360.8,294.1,108.3,180.2,157.5,131.8,142.5,211.2,145.9,52.3,369.9,106.7,364.9,89,459.3,104.2,241.2,205.8,77.1,163.8,396.6,450.5,75.9,50.1,291.2,231.5,377.4,187.8
"DouglasCounty",116.1,239.3,161.4,55.7,322.7,330,191.8,297.1,22.1,133.4,135.1,207.4,66.4,276.3,234.8,286.5,176.8,240.1,105.1,218.6,269.3,90.9,257.3,83.5,313.5,195.7,200.4,233.7,198.3,290.1,154,132.9,168.9,231.4,329.6,197.2,224,197.3,152.2
"FerryCounty",132.3,234.2,211.3,174.9,386.7,413.8,249.2,437.4,133.4,24.4,184.9,241.4,134.1,416.6,309.7,361.4,317.1,380.4,202.6,298.7,348.6,131,397.6,77.6,453.8,101.1,340.8,308.6,263.8,370.2,294.3,118.1,56.7,371.6,469.9,283.6,292.3,175.8,232.3
"FranklinCounty",55.1,137.4,28.1,146.9,353.3,230.6,73.2,274.9,135.1,184.9,18.3,105.6,69.4,306.8,263,317,207.4,270.6,117.8,136.2,226.7,136.3,287.9,188.2,295.9,189,231,311.8,276.3,198.1,234.3,126.3,180.2,261.9,301.8,63.9,302.1,104.3,93.4
"GarfieldCounty",97.1,42.9,120.8,219.3,425.6,316.5,45.7,360.8,207.4,241.3,105.6,13.8,141.8,379.2,335.4,389.4,279.8,343,190.2,228.9,319.4,164.8,360.2,246.3,416.4,189.4,303.4,384.1,348.7,284,306.7,126.6,185.1,334.3,387.7,80.1,374.5,67.4,186
"GrantCounty",50.5,173.6,95.7,79.8,319.8,290.8,126.1,294.1,66.4,134.1,69.4,141.8,27.2,273.3,229.5,283.5,173.9,237.1,84.3,180.4,230.3,91.6,254.3,119.6,310.5,179.7,197.5,278.2,242.8,251.9,200.8,117,170.9,228.4,326.6,131.6,268.5,131.6,114
"GraysHarborCounty",309.3,411.1,304.9,240.3,143.2,141.3,363.5,108.3,276.3,416.6,306.8,379.2,273.3,24.3,137.4,114.6,111,99.6,190.5,236.6,80.6,349.1,63.8,344.1,60.3,438.5,83.4,220.4,185,167.9,143,375.8,429.7,59.9,90.8,371.7,210.7,365.2,247.3
"IslandCounty",265.5,367.3,261.1,198.8,79.9,213.2,319.7,180.2,234.8,309.7,263,335.4,229.5,137.4,11.7,54.6,61,56.4,146.7,270,152.5,316.2,81.7,237.2,174.6,394.7,95.8,64.6,53.4,239.7,81.8,332,349.9,114.5,212.8,327.9,75.3,321.4,203.5
"JeffersonCounty",319.5,421.3,315.1,250.5,61.8,190.4,373.7,157.5,286.5,361.4,317,389.4,283.5,114.6,54.6,24,121.2,58.1,200.7,285.7,129.7,359.3,59,288.9,151.8,448.7,100.8,116.3,105.1,217,78.3,386,439.9,91.8,190,381.9,127,375.4,257.5
"KingCounty",209.8,311.6,205.4,140.8,157.5,164.7,264.1,131.8,176.8,317.1,207.4,279.8,173.9,111,61,121.2,24.7,74.8,91,214.3,104,249.6,92.1,244.7,148.2,339.1,35.2,109.8,74.3,191.3,32.3,276.4,330.3,66.1,164.3,272.2,100.1,265.7,147.9
"KitsapCounty",273.1,374.9,268.7,204.1,94.3,175.4,327.4,142.5,240.1,380.4,270.6,343,237.1,99.6,56.4,58.1,74.8,12.2,154.3,277.6,114.7,312.9,45.7,308,136.8,402.4,54.5,118.1,87.9,202,106.8,339.6,393.6,76.8,175,335.5,113.7,329,211.2
"KittitasCounty",120.3,222.1,115.9,69.1,236.9,244.2,174.5,211.2,105.1,202.6,117.8,190.2,84.3,190.5,146.7,200.7,91,154.3,24.9,124.8,183.5,160.1,171.5,172.9,227.7,249.5,114.6,195.4,160,196.3,118,186.8,240.7,145.5,243.8,182.7,185.7,176.2,58.3
"KlickitatCounty",189.6,260.8,109.4,182.6,341.5,101.6,185.5,145.9,218.6,298.7,136.2,228.9,180.4,236.6,270,285.7,214.3,277.6,124.8,22.5,180.5,256.2,234.9,284.2,211.6,323.5,237.9,318.7,283.3,71.1,241.3,260.7,314.6,204.2,172.8,162.5,309,238.8,72.8
"LewisCounty",266.3,351.3,199.9,233.3,185.5,85.2,276,52.3,269.3,348.6,226.7,319.4,230.3,80.6,152.5,129.7,104,114.7,183.5,180.5,25.4,306.1,78.9,337.2,70.8,395.5,76.4,213.4,178,111.8,136,332.8,386.7,48.2,84.8,266.7,203.7,306.6,142.3
"LincolnCounty",78.7,162.2,162.6,137.1,395.5,365.2,149.1,369.9,90.9,131,136.3,164.8,91.6,349.1,316.2,359.3,249.6,312.9,160.1,256.2,306.1,24.9,330.1,113.3,386.3,114.2,273.2,315.1,279.7,332.6,235.4,51.5,87.4,304.1,402.4,183.6,305.4,103.8,189.8
"MasonCounty",290.3,392.1,285.9,221.3,114.8,139.6,344.6,106.7,257.3,397.6,287.9,360.2,254.3,63.8,81.7,59,92.1,45.7,171.5,234.9,78.9,330.1,16.7,325.2,101,419.6,64.5,201.4,166,166.2,124,356.8,410.8,41,139.2,352.7,191.8,346.2,228.4
"OkanoganCounty",151.7,266.1,214.5,102.5,314.3,397.9,230.6,364.9,83.5,77.6,188.2,246.3,119.6,344.1,237.2,288.9,244.7,308,172.9,284.2,337.2,113.3,325.2,37.5,381.3,162.2,268.3,236.2,191.4,355.6,221.9,155.4,117.8,299.2,397.4,250.4,219.9,207.6,217.7
"PacificCounty",346.5,448.3,269.1,277.5,207.6,116.3,383.1,89,313.5,453.8,295.9,416.4,310.5,60.1,174.6,151.8,148.2,136.8,227.7,211.6,70.8,386.3,101,381.3,18,475.7,120.6,257.6,222.2,142.9,180.2,413,466.9,97.1,39.9,356.9,247.9,402.4,211.5
"PendOreilleCounty",145.8,182.3,215.4,257.3,485.1,418,190.6,459.4,195.8,101.1,189.1,189.5,179.8,438.6,394.8,448.8,339.2,402.5,249.6,323.5,395.6,114.3,419.7,162.2,475.8,19.4,362.8,443.6,348.4,385.4,366.2,66.2,65.8,393.7,491.9,225,376.9,123.8,279.3
"PierceCounty",233.4,335.3,229.1,164.4,137.1,137.1,287.7,104.2,200.4,340.8,231,303.4,197.5,83.4,95.8,100.8,35.2,54.5,114.6,237.9,76.4,273.2,64.5,268.3,120.6,362.7,21.9,144.6,109.2,163.7,67.2,300,353.9,38.5,136.7,295.9,134.9,289.3,171.5
"SanJuanCounty",314.2,416,309.8,197.7,141.6,274.1,368.5,241.2,233.7,308.6,311.8,384.1,278.2,220.4,64.6,116.3,109.8,118.1,195.4,318.7,213.4,315.1,201.4,236.2,257.6,443.5,144.6,12.8,52.3,300.7,80.7,380.7,348.8,175.5,273.7,376.6,74.3,370.1,252.3
"SkagitCounty",278.8,380.6,274.4,162.3,130.4,238.7,333,205.8,198.3,263.8,276.3,348.7,242.8,185,53.4,105.1,74.3,87.9,160,283.3,178,279.7,166,191.4,222.2,348.4,109.2,52.3,22.6,265.3,39.9,345.3,304,140.1,238.3,341.2,36.4,334.7,216.9
"SkamaniaCounty",251.4,315.9,188.8,254.1,272.8,64.7,240.6,77.1,290.1,370.2,198.1,284,251.9,167.9,239.7,217,191.3,202,196.3,71.1,111.8,332.6,166.2,355.6,142.9,385.3,163.7,300.7,265.3,21.1,223.3,322.6,376.5,135.4,104,214.4,291,300.7,144.3
"SnohomishCounty",236.8,338.6,232.4,118,114.6,196.7,291.1,163.8,154,294.3,234.3,306.7,200.8,143,81.8,78.3,32.3,106.8,118,241.3,136,235.4,124,221.9,180.2,366.1,67.2,80.7,39.9,223.3,24.1,303.3,357.3,98.1,196.3,299.2,71,292.7,174.9
"SpokaneCounty",83,119.4,152.6,194.5,422.3,355.1,127.8,396.6,132.9,118.1,126.3,126.6,117,375.8,332,386,276.4,339.6,186.8,260.7,332.8,51.5,356.8,155.4,413,66.2,300,380.7,345.3,322.6,303.3,21.7,61.9,330.9,429.1,162.2,371,61,216.5
"StevensCounty",136.9,177.9,206.5,215.1,476.2,409,193,450.5,168.9,56.7,180.2,185.2,170.9,429.7,349.9,439.9,330.3,393.6,240.7,314.6,386.7,87.4,410.8,117.8,466.9,65.8,353.9,348.8,304,376.5,357.3,61.9,25.9,384.8,483,227.4,332.5,119.5,270.4
"ThurstonCounty",264.4,366.1,260,195.3,147.6,108.8,318.6,75.9,231.4,371.6,261.9,334.3,228.4,59.9,114.5,91.8,66.1,76.8,145.5,204.2,48.2,304.1,41,299.2,97.1,393.6,38.5,175.5,140.1,135.4,98.1,330.9,384.8,14.3,108.4,326.8,165.8,320.2,202.4
"WahkiakumCounty",355.1,419.6,292.4,293.6,245.8,77.5,344.3,50.1,329.6,469.9,301.8,387.7,326.6,90.6,212.8,190,164.3,175,243.8,172.8,84.8,402.4,139.2,397.4,39.9,491.8,136.7,273.7,238.3,104,196.3,429.1,483,108.4,8.7,318.1,264,404.4,220.3
"WallaWallaCounty",117.3,112,68.1,209.1,418.1,246.9,36.7,291.2,197.2,283.6,63.9,80.1,131.6,371.7,327.9,381.9,272.2,335.5,182.7,162.5,266.7,183.6,352.7,250.4,356.9,224.9,295.9,376.6,341.2,214.4,299.2,162.2,227.4,326.8,318.1,18.5,366.9,103,133.3
"WhatcomCounty",304.5,406.3,300.1,188,152.4,264.4,358.8,231.5,224,292.3,302.1,374.5,268.5,210.7,75.3,127,100.1,113.7,185.7,309,203.7,305.4,191.8,219.9,247.9,376.9,134.9,74.3,36.4,291,71,371,332.5,165.8,264,366.9,25.7,360.4,242.6
"WhitmanCounty",83,62.8,130.6,209.2,411.6,333.2,68.5,377.4,197.3,175.6,104.3,67.4,131.6,365.2,321.4,375.4,265.7,329,176.2,238.8,306.6,103.8,346.2,207.6,402.4,123.7,289.3,370.1,334.7,300.7,292.7,61,119.4,320.2,404.4,103,360.4,24,183.2
"YakimaCounty",150,217.9,66.6,116.2,293.8,183.2,142.6,187.8,152.2,232.3,93.4,186,114,247.3,203.5,257.5,147.9,211.2,58.3,72.8,142.3,189.8,228.4,217.7,211.5,279.2,171.5,252.3,216.9,144.3,174.9,216.5,270.4,202.4,220.3,133.3,242.6,183.2,33.8
